160
MF465900.1                                       0.0000000 0.1714519 0.0635741 2.2091332 0.1663386 3.3319012 2.9696562 1.9650369 3.0662366 1.7299872 2.4151338 2.2611705 6.1969812 1.8872040 2.2423692 0.1711851 2.9118438 2.9761988 2.9970589 2.9402056 2.9402056 2.9605517 0.1603336 0.3443603 0.0366430 2.5228411 2.1423393 7.2690950 1.5192220 2.3572861 2.6744320 2.6637936 0.1937441 8.9999983 2.4957988 1.5763593 2.6615290 2.4769284 3.0404272 3.2155972 5.2876693 0.0862100 3.2917842 8.9999988 0.7477243 5.2414898 0.1747259 0.1723939 0.1621783 0.1687582 0.3512269 0.1482711 0.0503288 0.0607405 0.0604941 0.0584638 0.0690365 0.0696704 0.1949025 0.1035396 0.1680350 0.1580441 0.1975234 0.1661062 0.1745240 0.1559106 0.1347459 0.1779166 1.2174288 0.0019592 0.0019283 0.0019366 0.0000010 0.0038911 0.0102992 2.1442345 0.9503245 0.0063812 0.0208783 0.5469833 1.8997668 0.0200176 1.1944338 0.3425614 8.9999987 0.6892527 1.1147053 0.0964690 0.1899836 0.5894858 8.3692161 1.0081318 0.1049793 0.0178621 0.0186498 2.0628130 0.1899836 8.9999985 0.0384741 0.1144408 8.9999984 0.4746837 0.1698578 0.1992411 0.0086214 0.2937077 0.1138194 0.0327256 0.4043836 0.6079629 0.6426779 8.1193689 0.1717696 0.4375008 0.0574041 0.4871380 0.5894858 8.3692161 5.5248248 1.9156312 1.9861523 0.0480585 0.0428146 0.1138996 0.0375693 0.3465828 0.0215559 0.2816360 1.9051127 0.0000010 0.2510610 2.2158331 0.0389377 0.2572089 0.4617014 0.1389018 0.2315581 0.1371151 0.0455013 8.9999990 0.4832730 0.0071169 0.0392444 0.0186498 2.0628130 0.1630397 0.0314573 0.2828578 0.1093668 0.2828578 1.0713177 2.4736931 7.4923252 0.0043835 0.2865989 0.0074946 0.0230692 1.3473854 8.9999989 0.2538726 
MK694759.1                                       0.1714519 0.0000000 0.1861049 0.3183064 0.0341269 0.1954512 0.1423454 2.8980795 0.2173473 3.4509360 0.2506797 0.1953577 0.7369330 0.1755530 1.3640748 0.0016006 0.4000928 0.3894945 0.3987596 0.3971421 0.4096458 0.3837286 0.0534887 2.3251927 0.1058761 0.3434480 3.5730177 1.2677899 3.3135060 3.6476104 0.4198432 0.2179298 1.2399999 5.6115137 0.3563568 0.3608314 0.3871269 0.1945233 0.3203425 0.3664970 0.1862729 0.0274301 0.2040619 8.1460943 4.6684989 0.8629254 0.1055828 0.1046578 0.0344559 0.1060702 2.5064858 0.0357815 0.1638657 0.1764883 0.1756637 0.1745965 0.1897575 0.1907964 0.1487370 0.2010426 0.1051901 0.0926688 0.1181416 0.1032149 0.1006112 0.0229510 0.0327225 0.0364933 0.1100701 0.0233963 0.0230035 0.0231084 0.0228400 0.0350574 0.0127086 2.8863557 2.6406491 0.0517281 1.4286862 0.9205053 3.2539527 1.5078874 0.0658029 0.1443537 8.5618757 1.5436840 0.1655045 0.0522570 1.5579567 1.4776863 6.3343815 0.1603436 0.8450018 0.0865696 0.0787023 3.5780845 1.5579567 8.2923455 0.0467909 0.1186140 7.4258972 1.7430208 1.2048458 0.8338629 0.5972384 1.1838855 0.1189064 0.6876501 1.3348745 1.5868967 1.8195747 1.9259621 0.5450396 1.1570521 0.2254931 1.7091488 1.4776863 6.3343815 2.1517693 2.4816105 2.4145906 0.0763219 1.4388787 0.3563472 1.1887221 0.5441833 1.5270704 0.9686354 2.8982202 0.0607240 1.1198690 3.4262338 0.0473909 1.1571933 1.0043195 0.8830193 1.0490522 1.4133519 0.1014259 8.9999990 1.6590079 0.0309405 0.0247034 0.0787023 3.5780845 0.4755393 1.3465535 1.1350124 0.1566145 1.1350124 2.0483100 3.7510017 6.1691459 1.4230673 1.1010871 0.6259992 1.8280721 2.5461013 6.9043922 0.5068506 
MF465899.1                                       0.0635741 0.1861049 0.0000000 2.5452353 0.1887605 2.8069334 2.2752467 2.6779878 2.6764187 2.0872546 2.7435051 2.8053451 5.9776324 2.3066124 2.7322736 0.1858460 3.2911135 3.2885467 3.3995919 3.2414001 3.3068842 3.2827563 0.1817538 0.3752096 0.0288959 3.0964217 2.9326293 6.9529769 1.8154204 2.9641483 2.8897454 2.9498189 0.2095656 8.9999986 3.0146348 2.5237674 3.1070594 3.0032967 3.2552639 3.4280522 6.7100955 0.1134693 2.3754725 7.1022265 1.6446344 8.9999983 0.2145362 0.2118564 0.1602780 0.2058647 0.6797039 0.1721799 0.0308157 0.0335097 0.0340239 0.0317622 0.0422722 0.0428140 0.2005995 0.1283214 0.2032671 0.1938244 0.2132963 0.1791141 0.1897646 0.1747114 0.1592441 0.1820330 1.1739334 0.0029381 0.0028927 0.0029044 0.0028737 0.0023125 0.0119536 2.5409746 1.2757855 0.0063812 0.1654512 0.7920997 2.5230733 0.3671085 0.7734401 0.2829082 8.9999987 0.5999430 0.8573276 0.1056319 0.4135597 0.8812694 6.4331462 0.7988679 0.2853364 0.0117507 0.0122558 2.6049599 0.4135597 8.9999983 0.0384741 0.1144408 8.9999990 0.5436830 0.1917876 0.0957175 0.1245857 0.2623910 0.1099597 0.1464813 0.2564534 0.5713643 0.4583207 8.9999984 0.0663937 0.5505100 0.0949433 0.5827699 0.8812694 6.4331462 8.9999987 2.0053273 1.9779200 0.0480585 0.1713389 0.0939370 0.1871649 0.4096062 0.2298539 0.1363326 1.9337900 0.0000010 0.1151924 2.1747650 0.0389377 0.3056765 0.3551918 0.1993804 0.1729197 0.2694308 0.0455013 8.9999987 0.5058261 0.0071169 0.0392444 0.0122558 2.6049599 0.0547197 0.2117557 0.2348281 0.1093668 0.2348281 1.3084476 2.7865501 5.8809280 0.2135410 0.2276273 0.1135297 0.1725933 1.9088155 8.9999983 0.2864895 
AY328523.1                                       2.2091332 0.3183064 2.5452353 0.0000000 0.3684989 0.5962611 0.4871055 3.7401043 0.5748149 3.9307897 0.5770110 0.4465556 1.7029518 0.3736550 2.2038803 0.3033732 0.0175058 0.0102664 0.0177435 0.0120086 0.0138985 0.0138674 0.0816737 2.9085216 4.8846656 0.0969175 3.8794639 2.9905816 3.6888332 4.0315504 0.0828512 0.4207398 2.2607856 8.0146536 0.0611762 0.0094938 0.0102010 0.3382837 0.5440935 0.5440935 1.1990515 0.2691636 0.5069924 8.9999989 4.7501273 0.0420021 1.1251246 1.1034000 0.3086287 1.0743291 3.8042463 0.3794639 2.1109030 2.7938316 2.7938316 2.7008543 3.1398941 3.1547140 2.4215241 3.0304130 1.0577406 0.7937030 1.3076178 1.0194841 0.7228573 0.3147209 0.4116464 0.4100111 0.3828873 0.0000010 0.0000010 0.0000010 0.0000010 0.0000010 0.0000010 3.7453289 3.0571226 0.0516722 1.8460507 1.0978827 3.3981524 2.3184239 0.1901964 0.0035189 8.9999985 1.6722921 0.0131379 0.0053540 2.3647305 1.1864782 7.8863506 0.0077022 1.3690495 0.0877614 0.0812501 4.1468497 2.3647305 8.9999990 0.0315130 0.0950795 8.9999987 1.5220927 1.1145400 0.9656492 0.6534214 2.2019772 0.0939066 0.9679622 2.6251877 1.8038671 2.2761235 6.9240469 0.7080906 1.0134282 0.1946824 2.0761937 1.1864782 7.8863506 4.5940620 3.4735686 3.3724051 0.0762423 1.6508991 0.5542799 1.2710740 0.4417430 1.9066697 1.4981375 3.3463186 0.0610882 1.7478243 4.0305427 0.0318791 1.2333708 1.5259357 1.2971272 1.4657651 2.3769502 0.1138141 8.9999982 1.7699752 0.0309036 0.0392055 0.0812501 4.1468497 0.7539243 1.6215504 2.2446327 0.1232770 2.2446327 2.2533029 4.3005640 8.1693931 1.7403157 2.3350461 0.8374477 2.4571562 3.5405032 8.4478552 0.5064756 
MK504639.1                                       0.1663386 0.0341269 0.1887605 0.3684989 0.0000000 0.1230780 0.1706890 3.1706467 0.0846341 3.1097595 0.2307312 0.1840200 0.2035675 0.1509815 2.1110513 0.0335550 0.4606800 0.4571372 0.4680196 0.4662285 0.4809864 0.4501546 0.0596938 2.2080050 0.1153064 0.4806970 3.3155581 0.2439423 2.9130584 3.4119806 0.4777140 0.0855496 1.0778650 5.8699431 0.3959011 0.3240598 0.4131926 0.1796055 0.2765658 0.3003922 0.4521239 0.0218521 0.0932224 8.9999984 3.9759768 1.1004969 0.1025663 0.1016439 0.0455685 0.1023605 2.1585026 0.0437290 0.1683409 0.1827218 0.1818618 0.1807600 0.1915981 0.1926483 0.1510122 0.1822902 0.1007045 0.0872781 0.1186505 0.0978163 0.1041370 0.0294369 0.0320806 0.0207592 0.0506317 0.0262948 0.0258405 0.0259622 0.0256514 0.0344059 0.0119857 3.1246783 2.3494689 0.0517281 1.5696282 1.0571898 2.9725314 2.1477462 0.0446343 0.1177917 8.9999990 1.2346273 0.2170951 0.0493840 1.9959299 1.0959717 7.1301631 0.2014792 1.3614323 0.0783554 0.0706128 3.2719232 1.9959299 8.9999988 0.0396016 0.1291804 8.9999986 1.3548523 1.1763560 0.7471158 0.6140187 1.6935288 0.1402429 0.6846284 1.9434682 1.2350050 1.6058740 6.7698506 0.6196179 0.9053769 0.2118406 1.5177636 1.0959717 7.1301631 5.3859933 2.7043705 2.6609444 0.0763219 1.3447437 0.3564955 1.0308407 0.5356474 1.5466201 1.1404797 2.7903748 0.0533287 1.2121241 3.1543509 0.0400952 0.8982507 0.8241534 0.8834376 1.0268328 1.8983445 0.0915540 8.9999985 1.3873510 0.0309405 0.0182859 0.0706128 3.2719232 0.5111124 1.2703673 1.5605719 0.1458138 1.5605719 1.9929298 3.4234891 7.1686948 1.4524414 1.6885385 0.5929416 1.9963268 2.9038046 8.9999986 0.4437312 
KX809916.1                                       3.3319012 0.1954512 2.8069334 0.5962611 0.1230780 0.0000000 0.1446982 3.4086384 0.0891305 2.8171259 0.2344018 0.1985194 0.0000010 0.1421786 2.3547881 0.1944724 0.7090540 0.7526965 0.7342387 0.7184499 0.7184499 0.6923228 0.6218027 2.9948689 9.0000000 0.6385033 3.2357797 0.0000010 2.5575798 3.4812434 0.7195374 0.1150175 3.2867037 0.0000010 0.5317065 0.7270786 0.8071948 0.0708356 0.0708356 0.0708356 0.0000010 0.0000010 0.1089838 0.0000010 0.0000010 0.0000010 1.5852839 1.5852839 0.1833730 1.7300354 0.0000010 0.1722162 2.9585564 3.1686754 3.1686754 3.1686754 3.4958920 3.4958920 1.8871182 3.5522045 1.6828036 0.8914883 2.2329329 1.7343363 1.3069324 0.1104617 0.1116439 0.0716117 0.0811376 0.0000010 0.0000010 0.0000010 0.0000010 0.0000010 0.0000010 3.3596027 2.5634682 0.1270520 2.5913719 3.3316110 3.3316110 3.4491635 0.0849357 0.6385096 0.0000010 2.4201331 0.6330511 0.6228291 3.0558923 3.4178984 0.0000010 0.5677582 3.3634512 0.4231993 0.4471710 2.7506492 3.0558923 0.0000010 0.1556176 0.1268672 0.0000010 2.8077829 3.3559809 0.9909071 2.5481311 2.9955121 0.1268672 0.4471710 2.8367962 2.9447071 2.5091662 7.1760338 0.0469548 3.4462764 2.1024760 0.0000010 3.4178984 0.0000010 5.3008815 3.3823267 3.3025139 0.0423996 2.5507000 1.8968645 2.2037714 2.3545263 2.8324741 1.9902646 3.3152942 0.2755868 1.7038715 3.4450600 0.1556176 1.2440085 2.3081046 1.8836710 2.4782042 3.2583506 0.5000299 0.0000010 3.3619254 0.0000010 0.0991127 0.4471710 2.7506492 2.3058323 2.5949067 2.9948689 1.4140518 2.9948689 3.3763277 0.0000010 0.0000010 2.5651282 2.9877041 0.2755868 2.5016785 3.3763277 0.0000010 2.8695603 
KX809913.1                                       2.9696562 0.1423454 2.2752467 0.4871055 0.1706890 0.1446982 0.0000000 3.1780012 0.1453226 2.4444387 0.2164568 0.1935536 0.0000010 0.1507179 2.1967139 0.1416351 0.5939924 0.5937751 0.6107486 0.6008035 0.6008035 0.5796549 0.5264536 2.6672512 9.0000000 0.5391922 2.9692998 0.0000010 2.0496892 3.1929172 0.5985903 0.2157814 3.0374889 0.0000010 0.5111902 0.4985258 0.6637741 0.0880737 0.0880737 0.0880737 0.0000010 0.0000010 0.2019720 0.0000010 0.0000010 0.0000010 1.3053180 1.3053180 0.1170119 1.4298045 0.0000010 0.0204543 2.5887227 3.1329667 3.1329667 3.1329667 3.0930547 3.0930547 1.5588960 3.3774487 1.3844483 0.7308534 2.7591805 1.7610154 1.1384754 0.1147360 0.1265685 0.1274237 0.1367894 0.0000010 0.0000010 0.0000010 0.0000010 0.0000010 0.0000010 3.1048573 2.2242018 0.1270520 2.1619694 3.0837281 3.0837281 3.1038801 0.1376031 0.4133816 0.0000010 2.0925570 0.5407277 0.4382601 3.0190407 3.1853728 0.0000010 0.4871055 3.4984731 0.3103076 0.3365677 2.5233365 3.0190407 0.0000010 0.1072343 0.1856743 0.0000010 2.5975082 2.8434734 0.6363515 2.3651371 2.5926462 0.1856743 0.3365677 2.7467094 2.5501481 2.2420735 5.9398378 0.0469548 3.0180268 1.4468863 0.0000010 3.1853728 0.0000010 5.3789904 3.2300383 3.1373537 0.0423996 2.1985968 1.6807858 1.7233097 2.5816610 2.6300736 1.7432316 3.1531663 0.2008334 1.5653048 3.2641575 0.1072343 0.5340413 2.1629051 1.5829192 1.8422004 3.3375588 0.3507237 0.0000010 3.1852658 0.0000010 0.0617605 0.3365677 2.5233365 1.9327728 2.3055890 2.6672512 1.4240107 2.6672512 3.1323746 0.0000010 0.0000010 2.3803269 2.6242352 0.2008334 2.0661140 3.1323746 0.0000010 2.3074239 
MZ868176.1                                       1.9650369 2.8980795 2.6779878 3.7401043 3.1706467 3.4086384 3.1780012 0.0000000 3.4567667 0.0293381 3.9269850 3.3887376 8.9999989 3.2762707 1.7633584 2.8451178 3.7870000 3.7316920 3.8012639 3.7205554 3.8005530 3.7276050 3.2298464 1.6828983 8.9999981 3.1817291 0.0220326 8.9999987 0.0256934 0.0388460 3.4980055 3.1429217 2.2097299 3.2859260 3.2635739 3.0635038 3.6661211 2.5850006 2.9234626 3.0289787 6.9927583 3.1265941 3.1487603 0.1741625 8.9999982 8.9999983 3.9345538 3.8824838 2.7125607 4.1611470 8.9999982 3.9631090 2.3999450 2.6554251 2.6554251 2.4695842 2.7658938 2.7926699 5.0002722 0.0265771 4.1097522 3.4686351 3.5221273 3.9808226 4.0137243 3.0821395 2.4122961 3.0395992 3.3354469 0.0000010 0.0000010 0.0000010 0.0000010 0.0000010 0.0000010 0.0198684 0.0136635 0.0000010 0.5735796 0.0060529 0.0181641 0.6411124 0.7623460 0.5334122 0.0522378 0.0197822 0.7623348 0.1446368 0.3242598 0.0140059 0.0287276 0.7406043 0.3842717 0.0117617 0.0259756 0.0400200 0.3242598 0.0247238 0.0526452 0.1046928 0.0664352 0.0133425 0.4345623 0.4402202 0.2816838 0.6623741 0.0923444 0.3903426 0.8516329 0.0122087 0.0329994 0.0284237 0.5256026 0.0224812 0.1250084 0.0406325 0.0140059 0.0287276 0.0746728 0.0989717 0.1000105 0.0406889 0.5266116 0.3717777 0.3946000 0.7003521 0.5996874 0.7283518 0.1029626 0.0117923 0.7419121 0.0718770 0.0533158 0.0182892 0.1784124 0.6451691 0.2254569 0.5808521 0.0455493 0.0940470 0.0896004 0.0000010 0.0537387 0.0259756 0.0400200 0.3091922 0.5684193 0.6982482 0.1422788 0.6982482 0.0051545 0.0385783 0.0370489 0.5957408 0.7376592 0.3208019 0.6770430 0.0162599 0.0868896 0.0486907 
MH753231.1                                       3.0662366 0.2173473 2.6764187 0.5748149 0.0846341 0.0891305 0.1453226 3.4567667 0.0000000 3.5758160 0.2659848 0.2227123 0.0277677 0.2116952 2.3961343 0.2145482 0.5726826 0.5943402 0.5580270 0.6045155 0.6250008 0.5581164 0.6571503 2.3900218 6.4113814 0.7438473 3.6635252 0.0235610 3.1709643 3.6965558 0.6652319 0.0806922 2.2666125 8.4344498 0.5427018 0.3663641 0.4260656 0.1746712 0.2349222 0.2349222 0.6558330 0.2408542 0.0439880 8.9999981 5.7292120 1.6735608 1.4748818 1.4457772 0.2969607 1.3938566 5.7403265 0.3135621 2.6669454 2.9855135 2.9409702 2.8419007 3.1294919 3.1433801 3.4333457 3.3198503 1.4023733 1.0423179 1.7611377 1.3680938 1.4916457 0.1923723 0.2257201 0.0016834 0.0016967 0.0000010 0.0000010 0.0000010 0.0000010 0.0000010 0.0000010 3.4032249 2.5836036 0.0429501 1.8090763 1.0846844 3.3321717 2.2096355 0.0028068 0.1239053 8.9999990 1.4726250 0.2102448 0.0420422 2.0006025 1.1288727 7.9011703 0.1932038 1.0536737 0.0691288 0.0706128 3.5969142 2.0006025 8.9999989 0.0320339 0.1164968 8.9999980 1.5848641 1.1925171 0.8344009 0.6759620 1.5975339 0.1158408 0.8820695 1.7394176 1.5410267 1.8523846 5.6421463 0.7398145 0.9865511 0.2009056 1.7998449 1.1288727 7.9011703 6.4976304 2.8031267 2.8031267 0.0665393 1.6717329 0.4259379 1.3248484 0.5289323 1.8842975 1.4786637 2.9396271 0.0453296 1.4089592 3.2717368 0.0324141 0.9607581 1.0453632 1.1645866 1.1302215 1.9550544 0.0915540 8.9999988 1.4752122 0.0224244 0.0250774 0.0706128 3.5969142 0.5604863 1.5909201 1.5946013 0.1331606 1.5946013 2.1278098 3.8078437 7.9515025 1.7925264 1.6439706 0.7722920 2.2512325 3.1335728 8.9999982 0.4375115 
AY333646.1                                       1.7299872 3.4509360 2.0872546 3.9307897 3.1097595 2.8171259 2.4444387 0.0293381 3.5758160 0.0000000 3.7870199 3.2446728 8.9999984 3.4241186 2.8020381 3.3989689 3.8703347 3.8903190 3.9580335 3.8754536 3.9595231 3.8843575 3.7892008 1.7869202 8.9999989 3.9506299 0.0339761 8.9999986 0.0250015 0.0582523 3.7848316 3.0613537 1.6745390 8.9999989 3.8814372 3.0465493 3.2664834 3.1642307 3.4731891 3.4731891 8.9631193 3.6533564 2.5227495 0.1811041 6.7798388 8.9999989 4.5540600 4.4926418 3.8732274 4.4956558 6.8359929 3.6835890 1.9555129 2.1677792 2.1461515 2.0209506 2.1282860 2.1590675 5.8085981 0.0390138 4.4398930 3.6197547 5.0899267 4.5615247 5.3005676 3.1838163 3.4110476 3.3763663 3.3009317 2.2641632 2.2641632 2.2641632 2.2641632 2.2641632 2.2641632 0.0151569 0.0037764 0.0065548 0.6013782 0.0081716 0.0228035 0.7172359 0.6824109 0.5887148 0.0165949 0.0116106 0.9682958 0.1605335 0.3382208 0.0081509 0.0435351 0.8885756 0.4164873 0.0183496 0.0259756 0.0434029 0.3382208 0.0356118 0.0536663 0.0919484 0.0618863 0.0162549 0.3232062 0.4698748 0.3065680 0.6779728 0.1049767 0.4156965 0.8091617 0.0096745 0.0229986 0.0000010 0.5619032 0.0139895 0.1354481 0.0482125 0.0081509 0.0435351 0.1097303 0.1366312 0.1360342 0.0495764 0.5615193 0.4011346 0.4232577 0.8022159 0.6399581 0.6874465 0.1343960 0.0183941 0.7663735 0.0105999 0.0626097 0.0224907 0.1680765 0.6296759 0.2301774 0.7296515 0.0455493 0.0670111 0.0818508 0.0073355 0.0631224 0.0259756 0.0434029 0.3144887 0.6061595 0.7224801 0.1581006 0.7224801 0.0000010 0.0197372 0.0256952 0.6357852 0.7452405 0.3424625 0.7155228 0.0077731 0.0704354 0.0361475 
AY293968.1                                       2.4151338 0.2506797 2.7435051 0.5770110 0.2307312 0.2344018 0.2164568 3.9269850 0.2659848 3.7870199 0.0000000 0.0418777 0.8783183 0.0360805 2.6960104 0.2470681 0.5885325 0.5600169 0.5741838 0.5602322 0.5784942 0.5293949 0.5737012 2.2155692 6.1605829 0.5883084 4.1230170 1.4628405 3.1078798 4.2192983 0.5800866 0.2405097 2.2404408 8.9999989 0.6041467 0.4559432 0.5551424 0.2084598 0.2710951 0.2710951 0.7203150 0.0052664 0.2539175 8.9999982 5.6911906 1.5086063 1.7414078 1.7103262 0.3088503 1.7047483 5.7043284 0.2906565 2.6130098 2.8440530 2.8440530 2.7497326 3.2136754 3.2265183 3.8387851 3.6678243 1.6634067 1.1220547 1.7708321 1.4117008 1.2782271 0.2378259 0.0155369 0.2399448 0.2322028 0.0000010 0.0000010 0.0000010 0.0000010 0.0000010 0.0000010 3.9257268 2.7700180 0.0429501 1.6799265 1.5974020 3.7448446 1.9555939 0.1039298 0.1389789 8.9999982 2.0312349 0.2854215 0.0437299 2.3955470 1.6420229 8.9999988 0.2647212 1.5690732 0.0769929 0.0787023 4.0592176 2.3955470 8.9999984 0.0389377 0.1064874 8.9999988 1.5494983 1.4842639 0.7484136 0.6303038 1.6778794 0.1068038 0.6503210 1.7966784 1.8579168 2.1316504 8.9999985 0.5340729 1.2279958 0.2400009 1.5457381 1.6420229 8.9999988 8.9999982 3.6490192 3.6019065 0.0665393 1.4908738 0.4581559 1.1822120 0.4633854 1.5937585 1.2025742 3.6683870 0.0524321 1.0889406 4.3467422 0.0394131 0.9074495 1.6201243 0.8928801 0.9238044 2.1429940 0.1014259 8.9999984 1.7185095 0.0224244 0.0317567 0.0787023 4.0592176 0.5333849 1.3963276 1.5490050 0.1433251 1.5490050 2.8171313 3.9087722 8.3369794 1.4482016 1.6309852 0.5354706 2.1227964 3.4843755 8.9999981 0.3950784 
MZ868162.1                                       2.2611705 0.1953577 2.8053451 0.4465556 0.1840200 0.1985194 0.1935536 3.3887376 0.2227123 3.2446728 0.0418777 0.0000000 0.6815160 0.0374399 2.7488670 0.1880363 0.4844397 0.4613245 0.4730664 0.4614933 0.4765513 0.4363654 0.4959234 2.1296751 5.3229508 0.4879022 3.5588832 1.0922524 2.8776364 3.7399540 0.4974871 0.1934189 2.0044002 6.5252094 0.5308182 0.4004500 0.4433488 0.1884366 0.2553177 0.2553177 0.6295068 0.0251229 0.2090641 8.9999985 4.6220575 1.0332708 1.5688676 1.5405466 0.2782550 1.5385883 4.5991369 0.2654163 2.4094518 2.6709925 2.6709925 2.5863145 3.0450639 3.0594574 3.1916253 3.0757658 1.4978433 1.0108587 1.5825337 1.1777722 1.1544122 0.2003564 0.0390395 0.1988982 0.1921461 0.0000010 0.0000010 0.0000010 0.0000010 0.0000010 0.0000010 3.3982393 2.4346227 0.0352832 1.7557075 1.3357132 3.2310242 2.0386459 0.0940349 0.1527811 8.9999983 1.6067560 0.2477581 0.0655283 2.3179469 1.3792572 8.1310853 0.2294531 1.5882947 0.0769257 0.0869478 3.4660626 2.3179469 8.9999989 0.0459988 0.0968194 8.9999990 1.4601553 1.5049143 0.7490056 0.6457415 1.6918290 0.0971394 0.7174981 1.8514462 1.5678290 2.0316780 8.9999980 0.6169874 0.9435357 0.2442975 1.4448331 1.3792572 8.1310853 6.1902264 3.2427333 3.2031276 0.0583353 1.4860357 0.4356432 1.1968277 0.5062522 1.6396646 1.2316598 3.2735691 0.0523857 1.1305258 3.2785022 0.0465765 0.9102698 1.5463431 1.0053166 0.9272630 2.0663177 0.0914627 8.9999984 1.6490066 0.0147078 0.0385921 0.0869478 3.4660626 0.5288685 1.4792476 1.5640989 0.1538186 1.5640989 2.4144176 3.5180216 7.5827934 1.4931397 1.6454933 0.5612021 2.1859001 3.1096359 8.6582097 0.3867726 
KJ690280.1                                       6.1969812 0.7369330 5.9776324 1.7029518 0.2035675 0.0000010 0.0000010 8.9999989 0.0277677 8.9999984 0.8783183 0.6815160 0.0000000 0.6355168 0.0000010 0.7241739 1.6750359 1.8136740 1.5562885 1.7948403 1.8883081 1.6196519 1.8461875 5.2652599 6.8684090 2.1674741 8.9999981 0.0182781 8.9999984 8.9999987 1.8461875 0.2226030 5.1660429 8.9817614 1.5375362 0.9820681 1.1726557 0.5729567 0.8687964 0.8687964 0.6360264 0.7417037 0.0000010 8.9999987 6.4100089 1.7389212 4.0202536 3.9532539 1.3668860 3.8967876 6.4433569 1.5477401 6.0653102 5.8432620 5.5383385 5.3871961 6.1521367 6.1521367 8.9999986 8.7598443 3.9250038 3.5983251 4.4165570 3.9804798 4.7610525 0.6665466 0.8410945 0.0280049 0.0283727 0.0000010 0.0000010 0.0000010 0.0000010 0.0000010 0.0000010 8.9151644 8.9999987 0.2028019 0.0000010 0.1487993 8.4767795 4.7967647 0.1487993 0.1487993 8.9999981 0.0000010 0.1487993 0.1487993 5.5177577 0.2028019 8.3875935 0.1487993 0.2089735 0.2028019 0.2116145 8.4447214 5.5177577 8.9999980 0.2626113 0.3506157 8.9999989 6.5860968 0.5299972 4.0569000 0.2028019 3.8683030 0.3263664 6.2021512 4.4859992 4.8844739 0.0000010 0.0000010 4.5851367 0.1487993 0.2028019 8.9999980 0.2028019 8.3875935 0.0000010 7.8149010 7.8149010 0.2781045 4.8931393 0.2712393 4.8931393 0.9699826 5.1517720 4.1924280 8.7220824 0.1622575 4.7846269 0.0000010 0.2774733 8.9999986 0.0000010 6.3784426 3.7404617 3.4692894 0.1874059 8.9999980 0.0000010 0.1487993 0.2712393 0.2116145 8.4447214 0.2774733 4.7967647 3.8877845 0.2781045 3.8877845 0.0000010 8.9999986 8.4503984 5.9185527 4.0991276 4.8931393 0.0000010 8.9999989 8.9999982 0.3506157 
AY328524.1                                       1.8872040 0.1755530 2.3066124 0.3736550 0.1509815 0.1421786 0.1507179 3.2762707 0.2116952 3.4241186 0.0360805 0.0374399 0.6355168 0.0000000 2.2305108 0.1730728 0.4937001 0.4702086 0.4821229 0.4703808 0.4856680 0.4448268 0.3574566 2.0037617 4.0997359 0.4045702 3.4269524 1.0671163 3.0304710 3.5638392 0.4440821 0.1810862 1.7001437 8.9999980 0.4563272 0.4357217 0.5070567 0.1684628 0.2410887 0.2410887 0.5808517 0.0198391 0.1577241 8.9999987 4.3801948 0.9763095 0.9227349 0.9034733 0.2218866 0.9418466 3.4582091 0.2319572 1.9899460 2.2584932 2.2584932 2.1841504 2.5732225 2.5924524 2.3981203 2.8344506 0.9126025 0.6735499 1.0073193 0.8648686 0.8034189 0.1607674 0.0328556 0.1626677 0.1656335 0.0000010 0.0000010 0.0000010 0.0000010 0.0000010 0.0000010 3.2872493 2.5595908 0.0429501 1.7649193 1.2295588 3.0869232 1.9553439 0.0741740 0.1466241 8.9999982 1.7048750 0.2325714 0.0434405 2.2277549 1.3241297 7.5414204 0.2162080 1.2877907 0.0769929 0.0787023 3.6712906 2.2277549 8.9245595 0.0389377 0.1064874 8.9999986 1.5373107 1.1999493 0.7905085 0.6975631 1.4731584 0.1068038 0.7178096 1.6712240 1.6332597 1.9769537 5.0862947 0.5875038 1.0246954 0.2370625 1.5457381 1.3241297 7.5414204 4.5334329 2.9981506 2.9640256 0.0665393 1.5344147 0.4293314 1.1837089 0.5005433 1.7402950 1.0940633 2.9922125 0.0524321 1.1122414 3.6483105 0.0394131 0.8190921 1.4407876 0.8697651 0.9457677 1.8282272 0.1014259 8.9999981 1.5772947 0.0224244 0.0317567 0.0787023 3.6712906 0.5275702 1.5274726 1.4223633 0.1433251 1.4223633 2.2482262 3.5833788 7.1363116 1.5945013 1.4990764 0.5886757 2.1977050 2.9962561 8.9426522 0.3926647 
LC660445.1                                       2.2423692 1.3640748 2.7322736 2.2038803 2.1110513 2.3547881 2.1967139 1.7633584 2.3961343 2.8020381 2.6960104 2.7488670 0.0000010 2.2305108 0.0000000 1.3640748 2.4390006 2.4864082 2.3904485 2.4584102 2.4584102 2.4390006 1.9760560 2.4934522 6.7051120 1.8060956 2.3123774 0.0000010 2.6363940 2.6668627 2.5036676 2.4409079 3.4075918 0.0000010 1.9172945 1.8783702 2.4848014 1.1977009 1.3748396 1.5525206 0.0000010 0.2940644 2.4654232 0.0000010 0.0000010 0.0000010 2.5526958 2.5526958 0.8713715 2.9902181 0.0000010 2.0258788 2.8310826 2.9474297 2.9474297 2.9474297 2.9337459 2.9337459 2.0985186 2.9768836 2.9790687 2.7462450 1.9254489 2.4425355 2.1751165 2.1168971 1.0065265 1.8448921 2.5924860 0.0000010 0.0000010 0.0000010 0.0000010 0.0000010 0.0000010 1.6563404 2.8796415 0.3896322 2.7220777 1.7391470 2.2643044 1.3751044 1.2534135 1.8564206 0.0000010 2.7670972 1.0602913 0.8763592 1.7030990 2.6506313 0.0000010 1.1847139 1.7969277 0.7595703 0.7788988 3.1414966 1.7030990 0.0000010 0.3545378 0.3136993 0.0000010 2.9437888 2.3812718 0.0430801 2.4956189 1.8449894 0.3136993 0.5812404 1.8474515 2.9106178 2.7297782 0.3708966 0.1729953 2.8799229 2.2128296 0.0000010 2.6506313 0.0000010 0.4684785 1.7913300 1.8202766 0.1885802 2.7450916 2.7600928 2.4156918 0.2924011 2.7261583 2.3105011 2.2670953 0.5221513 2.3567374 3.8459693 0.3545378 0.6689797 2.9582075 1.7501358 3.1449245 1.5208233 1.2369935 0.0000010 3.7581894 2.0432142 0.4990799 0.7788988 3.1414966 2.4688991 2.6129713 1.7854825 0.0616850 1.7854825 2.2534155 0.0000010 0.0000010 2.4460350 1.7356801 0.5221513 2.6844443 1.7512496 0.0000010 3.2706597 
MK694758.1                                       0.1711851 0.0016006 0.1858460 0.3033732 0.0335550 0.1944724 0.1416351 2.8451178 0.2145482 3.3989689 0.2470681 0.1880363 0.7241739 0.1730728 1.3640748 0.0000000 0.3792711 0.3692274 0.3780335 0.3764901 0.3883834 0.3637584 0.0534661 2.3473884 0.1042526 0.3667614 3.5256158 1.2507889 3.2991967 3.6047702 0.4256357 0.2154351 1.2456669 5.6115137 0.3415775 0.3350619 0.3632648 0.1924478 0.3170148 0.3627637 0.1946025 0.0263923 0.2030305 8.3663789 4.8011068 0.8185863 0.1045963 0.1036767 0.0344439 0.1050719 2.4852720 0.0352011 0.1635984 0.1762288 0.1754042 0.1743364 0.1895021 0.1905413 0.1481661 0.1976841 0.1041966 0.0917507 0.1184661 0.1024943 0.0992996 0.0219329 0.0317588 0.0358991 0.1091995 0.0223122 0.0219376 0.0220375 0.0217819 0.0341327 0.0119049 2.8334500 2.5688315 0.0517281 1.5068941 0.8895348 3.2044065 1.5175996 0.0656279 0.1443537 8.8087649 1.4663487 0.1597596 0.0522570 1.5639748 1.4311634 6.4381864 0.1547236 0.8735366 0.0865696 0.0787023 3.5274808 1.5639748 8.5281170 0.0467909 0.1186140 7.5823281 1.6403414 1.2525085 0.8039343 0.6245986 1.1919069 0.1189064 0.6981935 1.3434231 1.4946677 1.8961991 1.9259621 0.5294121 1.1082684 0.2254931 1.5942435 1.4311634 6.4381864 2.3129287 2.4974112 2.4293856 0.0763219 1.4506098 0.3720670 1.1544851 0.5441833 1.5399604 0.9811975 2.9206289 0.0607240 1.1304329 3.3277227 0.0473909 1.1022001 1.0803405 0.8925777 1.0112249 1.4223024 0.1014259 8.9999981 1.6590079 0.0309405 0.0247034 0.0787023 3.5274808 0.4964231 1.3576370 1.1430497 0.1566145 1.1430497 1.9893324 3.7403505 6.2574945 1.4348551 1.1091554 0.6073706 1.9135435 2.4796120 6.9043922 0.5068506 
AY293948.1                                       2.9118438 0.4000928 3.2911135 0.0175058 0.4606800 0.7090540 0.5939924 3.7870000 0.5726826 3.8703347 0.5885325 0.4844397 1.6750359 0.4937001 2.4390006 0.3792711 0.0000000 0.0101843 0.0100696 0.0084404 0.0102554 0.0066577 0.0762133 3.0202379 8.1916096 0.0859977 3.9234563 2.7338605 3.6326907 4.0685570 0.0735506 0.4596080 2.9851631 8.0146536 0.0448768 0.0069244 0.0079678 0.3436816 0.5100512 0.5100512 1.3989753 0.3902217 0.5903227 8.9999982 4.9922128 0.0260520 1.6629817 1.6328837 0.4098426 1.6090717 4.9839655 0.4672321 3.0180470 3.7468240 3.6720746 3.6274018 4.2809752 4.2771037 3.5562073 3.8387151 1.5874595 1.2715913 1.9410624 1.6486420 1.2350738 0.4050203 0.5428966 0.5198360 0.4877549 0.0000010 0.0000010 0.0000010 0.0000010 0.0000010 0.0000010 3.7895595 3.0389988 0.0516722 1.8209816 1.1591925 3.5029457 2.5139591 0.1946741 0.0000010 8.9999986 1.7200001 0.0053127 0.0107805 2.5675447 1.2015889 7.2830669 0.0000010 1.4052757 0.0871193 0.0806454 4.0561575 2.5675447 8.9999988 0.0315130 0.0950795 8.9999984 1.6445833 1.2343639 1.1438276 0.6475233 2.4265787 0.0939066 1.0854927 2.8315179 1.9048045 2.3097932 8.8624084 0.8032802 1.0452295 0.2037484 2.6133171 1.2015889 7.2830669 5.2663593 3.3929925 3.2956526 0.0762423 1.7906203 0.5701249 1.4175311 0.4371009 2.0107094 1.6445583 3.4185347 0.0610882 1.8820250 3.9749392 0.0318791 1.3785786 1.4362392 1.4512083 1.6512333 2.5547501 0.1138141 8.9999986 1.8230864 0.0309036 0.0392055 0.0806454 4.0561575 0.7785963 1.8038276 2.4680544 0.1320282 2.4680544 2.3904142 4.1353606 7.5246905 1.8445366 2.5572815 0.9551384 2.4286225 3.6499658 7.2279712 0.5294642 
AY293947.1                                       2.9761988 0.3894945 3.2885467 0.0102664 0.4571372 0.7526965 0.5937751 3.7316920 0.5943402 3.8903190 0.5600169 0.4613245 1.8136740 0.4702086 2.4864082 0.3692274 0.0101843 0.0000000 0.0138680 0.0016229 0.0032848 0.0067217 0.0770686 3.0236502 7.9404457 0.0868146 3.8745866 3.0228880 3.5476108 4.0308499 0.0742077 0.4742664 2.9865440 8.0146536 0.0477006 0.0120670 0.0124164 0.3541186 0.5252761 0.5252761 1.3566088 0.3614559 0.6226820 8.9999982 5.2286443 0.0325062 1.6525329 1.6221463 0.3762593 1.5981488 5.2255954 0.4917288 3.0090538 3.7550027 3.7550027 3.6326951 4.3051156 4.3006854 3.6729621 3.7863064 1.5763388 1.2851183 2.0551681 1.7588800 1.1857498 0.4097774 0.5171823 0.5362599 0.4887529 0.0000010 0.0000010 0.0000010 0.0000010 0.0000010 0.0000010 3.7375232 2.9267396 0.0519867 1.8460507 1.1373714 3.4305580 2.5022556 0.1891151 0.0035282 8.9999986 1.6722921 0.0080624 0.0053760 2.5571475 1.1796113 7.4990651 0.0026240 1.4292656 0.0883118 0.0817636 4.0130180 2.5571475 8.9999987 0.0316729 0.0957290 8.9999984 1.5356501 1.2583425 1.0456467 0.6585594 2.3763651 0.0945372 1.0451326 2.8046243 1.8180271 2.2761235 8.8624084 0.7665088 1.0226224 0.1959721 2.4748790 1.1796113 7.4990651 5.2663593 3.4695998 3.3677067 0.0767341 1.7208664 0.5583895 1.3384419 0.4458351 1.9859359 1.5688951 3.3845880 0.0614343 1.8170812 4.0089626 0.0320432 1.3290412 1.5259357 1.3683254 1.5551024 2.5453584 0.1146917 8.9999984 1.7699752 0.0310951 0.0394140 0.0817636 4.0130180 0.7607090 1.6916653 2.4202593 0.1241246 2.4202593 2.3651998 4.0154160 7.7706338 1.8163396 2.5142226 0.9079161 2.4571562 3.5759698 7.8321095 0.5122201 
AY293946.1                                       2.9970589 0.3987596 3.3995919 0.0177435 0.4680196 0.7342387 0.6107486 3.8012639 0.5580270 3.9580335 0.5741838 0.4730664 1.5562885 0.4821229 2.3904485 0.3780335 0.0100696 0.0138680 0.0000000 0.0120672 0.0139680 0.0066474 0.0760667 3.1423030 8.7345243 0.0858229 3.9433159 2.5517531 3.6823845 4.0925183 0.0734098 0.4490504 3.1065688 8.9999990 0.0501687 0.0022779 0.0039711 0.3358604 0.4977121 0.4977121 1.2853391 0.3824866 0.6070199 8.9999986 5.1171649 0.0173053 1.7758137 1.7446493 0.4084634 1.7198589 5.1115959 0.4842669 3.1200188 3.8525087 3.7729762 3.7296615 4.4117628 4.4053985 3.5296304 3.9241489 1.6976489 1.3102602 1.9618973 1.6712531 1.1753897 0.3884474 0.5288411 0.5076314 0.4763079 0.0000010 0.0000010 0.0000010 0.0000010 0.0000010 0.0000010 3.8031183 3.0260508 0.0516722 1.9070835 1.2088938 3.5071700 2.5145343 0.1978162 0.0000010 8.9999988 1.7955115 0.0053699 0.0107805 2.5689128 1.2515686 7.6155234 0.0053258 1.4561683 0.0871193 0.0806454 4.0825043 2.5689128 8.9999989 0.0315130 0.0950795 8.9999982 1.6377661 1.2891052 1.0740161 0.6803218 2.4822581 0.0939066 1.0209170 2.8849915 1.9591938 2.4635124 8.0787645 0.7572201 1.0974888 0.2037484 2.3742820 1.2515686 7.6155234 5.5681797 3.4327699 3.3324341 0.0762423 1.8371643 0.6243785 1.3609894 0.4371009 2.0059743 1.5956582 3.4576497 0.0610882 1.9275851 4.0791284 0.0318791 1.2977196 1.5945305 1.3918181 1.5809097 2.5557789 0.1138141 8.9999989 1.8230864 0.0309036 0.0392055 0.0806454 4.0825043 0.8621913 1.7984607 2.5235569 0.1320282 2.5235569 2.4479010 4.1073957 7.8897142 1.8389353 2.6130169 0.8968150 2.5160857 3.6608674 7.6804373 0.5294642 
AY293945.1                                       2.9402056 0.3971421 3.2414001 0.0120086 0.4662285 0.7184499 0.6008035 3.7205554 0.6045155 3.8754536 0.5602322 0.4614933 1.7948403 0.4703808 2.4584102 0.3764901 0.0084404 0.0016229 0.0120672 0.0000000 0.0016334 0.0050133 0.0770917 3.0272537 7.9404457 0.0868415 3.8599024 3.0228880 3.5381733 4.0136912 0.0742299 0.4651428 2.9908407 8.0146536 0.0453594 0.0095790 0.0102798 0.3542371 0.5254754 0.5254754 1.3427210 0.3594830 0.5971201 8.9999982 5.1932708 0.0325062 1.6738951 1.6435814 0.3836514 1.6195797 5.1893549 0.4919077 2.9699030 3.7005865 3.7005865 3.5820837 4.2268815 4.2240033 3.6426355 3.7739670 1.5978366 1.2480054 1.9792429 1.6857032 1.1794854 0.4020359 0.5149127 0.5471314 0.4986415 0.0000010 0.0000010 0.0000010 0.0000010 0.0000010 0.0000010 3.7268845 2.9333360 0.0516722 1.7684334 1.1695137 3.4258210 2.4499235 0.1955408 0.0000010 8.9999986 1.7394523 0.0053283 0.0108444 2.5040511 1.2121578 7.4087818 0.0000010 1.3726963 0.0877614 0.0812501 3.9942333 2.5040511 8.9999987 0.0315130 0.0950795 8.9999984 1.5738713 1.1998543 1.0338599 0.6295079 2.3959314 0.0939066 1.0337494 2.8134607 1.8502592 2.3308725 8.8624084 0.7587355 1.0555479 0.1946824 2.3909567 1.2121578 7.4087818 5.2663593 3.4429700 3.3400541 0.0762423 1.7089432 0.5746569 1.3277329 0.4206834 1.9284528 1.6011596 3.3584566 0.0610882 1.8442646 4.0120285 0.0318791 1.3136976 1.4550020 1.4038677 1.5962044 2.4990622 0.1138141 8.9999984 1.8461522 0.0309036 0.0392055 0.0812501 3.9942333 0.7862910 1.7217717 2.4387075 0.1232770 2.4387075 2.4076385 3.9721617 7.6765078 1.7579524 2.5304446 0.8979871 2.3909530 3.5668928 7.8321095 0.5359572 
AY293933.1                                       2.9402056 0.4096458 3.3068842 0.0138985 0.4809864 0.7184499 0.6008035 3.8005530 0.6250008 3.9595231 0.5784942 0.4765513 1.8883081 0.4856680 2.4584102 0.3883834 0.0102554 0.0032848 0.0139680 0.0016334 0.0000000 0.0067676 0.0805236 3.0272537 8.4007341 0.0906294 3.9446819 3.1830367 3.6402272 4.0958435 0.0775925 0.4798669 2.9908407 8.0146536 0.0481347 0.0121871 0.0125228 0.3656221 0.5426641 0.5426641 1.4173443 0.3782309 0.5971201 8.9999985 5.2731918 0.0384528 1.7153207 1.6844643 0.3957539 1.6599727 5.2712031 0.5076140 3.0303441 3.7663423 3.7663423 3.6452692 4.3105929 4.3061218 3.7394288 3.8549606 1.6379177 1.2857457 1.9838912 1.7287444 1.1831195 0.4146523 0.5331093 0.5644688 0.5146056 0.0000010 0.0000010 0.0000010 0.0000010 0.0000010 0.0000010 3.8024727 3.0119206 0.0516722 1.7684334 1.1695137 3.5020992 2.4499235 0.1955408 0.0000010 8.9999990 1.7394523 0.0053283 0.0108444 2.5040511 1.2121578 7.8809149 0.0000010 1.3726963 0.0877614 0.0812501 4.0860854 2.5040511 8.9999983 0.0315130 0.0950795 8.9999984 1.5738713 1.1998543 1.0338599 0.6295079 2.3959314 0.0939066 1.0337494 2.8134607 1.8502592 2.3308725 8.8624084 0.7587355 1.0555479 0.1946824 2.3909567 1.2121578 7.8809149 5.2663593 3.5150342 3.4094848 0.0762423 1.7089432 0.5746569 1.3277329 0.4206834 1.9284528 1.6011596 3.4248400 0.0610882 1.8254224 4.0120285 0.0318791 1.3136976 1.4550020 1.4038677 1.5962044 2.4990622 0.1138141 8.9999987 1.8461522 0.0309036 0.0392055 0.0812501 4.0860854 0.7862910 1.7217717 2.4387075 0.1232770 2.4387075 2.4076385 4.1749644 8.1744819 1.7579524 2.5304446 0.8979871 2.3909530 3.6576489 8.4669356 0.5359572 
AY293932.1                                       2.9605517 0.3837286 3.2827563 0.0138674 0.4501546 0.6923228 0.5796549 3.7276050 0.5581164 3.8843575 0.5293949 0.4363654 1.6196519 0.4448268 2.4390006 0.3637584 0.0066577 0.0067217 0.0066474 0.0050133 0.0067676 0.0000000 0.0711700 3.0705979 7.8196148 0.0805506 3.8687330 2.7381586 3.5079472 4.0236984 0.0685601 0.4491187 3.0338405 8.0146536 0.0456105 0.0046242 0.0080851 0.3359012 0.4977923 0.4977923 1.3430054 0.3473389 0.5759588 8.9999981 5.1581268 0.0218233 1.6645336 1.6343836 0.3706907 1.6105275 5.1533899 0.4747790 3.0097710 3.7392589 3.7392589 3.6199458 4.2722231 4.2685126 3.5339573 3.7816001 1.5888812 1.2476468 1.9232996 1.6349547 1.1478985 0.3885009 0.4844800 0.5077102 0.4763826 0.0000010 0.0000010 0.0000010 0.0000010 0.0000010 0.0000010 3.7336030 2.9331046 0.0516722 1.8340305 1.1671254 3.4299356 2.4806943 0.1914656 0.0000010 8.9999984 1.7306419 0.0081091 0.0107805 2.5351166 1.2092698 7.2886045 0.0026463 1.4120972 0.0871193 0.0806454 4.0052070 2.5351166 8.9999986 0.0315130 0.0950795 8.9999984 1.6377661 1.2425172 1.0740161 0.6556344 2.4487079 0.0939066 1.0209170 2.8620128 1.9136295 2.4135863 8.8624084 0.7572201 1.0545229 0.2037484 2.3742820 1.2092698 7.2886045 5.7165459 3.4870306 3.3832113 0.0762423 1.7966655 0.6017255 1.3609894 0.4371009 1.9645755 1.5956582 3.3996242 0.0610882 1.8895302 4.0796726 0.0318791 1.2977196 1.5273549 1.3918181 1.5809097 2.5261563 0.1138141 8.9999982 1.8230864 0.0309036 0.0392055 0.0806454 4.0052070 0.8254255 1.7575638 2.4911231 0.1320282 2.4911231 2.4066397 3.9415926 7.5481784 1.7956967 2.5826100 0.8968150 2.4546884 3.5732690 7.2939430 0.5294642 
KM020052.1                                       0.1603336 0.0534887 0.1817538 0.0816737 0.0596938 0.6218027 0.5264536 3.2298464 0.6571503 3.7892008 0.5737012 0.4959234 1.8461875 0.3574566 1.9760560 0.0534661 0.0762133 0.0770686 0.0760667 0.0770917 0.0805236 0.0711700 0.0000000 2.4861611 0.1147345 0.0142861 3.4897800 2.9060834 3.1708034 3.6578519 0.0031771 0.4624048 1.3302046 6.7792047 0.1007657 0.0781479 0.0851408 0.3007055 0.4985400 0.5406395 1.2092814 0.0323205 0.6430165 7.9447670 4.2313882 0.1281209 0.0986083 0.0977041 0.0494239 0.0994174 2.5013002 0.0561581 0.1549577 0.1762401 0.1754054 0.1732158 0.1899746 0.1910265 0.1486048 0.1896405 0.0980913 0.0850518 0.1119003 0.1075936 0.0916335 0.0527183 0.0545375 0.0628178 0.2179509 0.0224013 0.0220237 0.0221244 0.0218667 0.0363398 0.0119394 3.2609567 2.9179661 0.0516722 2.0069039 1.0262305 3.0278896 2.0795118 0.1868040 0.0234730 8.9999981 1.8753955 0.0471837 0.0175779 2.1617856 1.2388707 6.9668044 0.0404198 1.2935143 0.0864862 0.0800484 3.9306477 2.1617856 8.9999990 0.0315130 0.0950795 8.9999983 1.4598243 1.3638902 1.0248195 0.6874361 1.9060290 0.0939066 0.8804092 2.2477178 1.9098898 2.2954889 4.3143801 0.6890127 1.1358167 0.2328671 1.8905161 1.2388707 6.9668044 3.8101967 3.0304116 2.9947550 0.0762423 1.7433957 0.5859869 1.3192441 0.5140674 1.9039763 1.4073514 3.0234004 0.0606654 1.7492677 4.2296190 0.0318791 1.1178489 1.8888605 1.1666729 1.3338334 2.1882705 0.1138141 8.9999987 1.5963802 0.0309036 0.0392055 0.0800484 3.9306477 0.7582380 1.6799003 1.9309367 0.1310000 1.9309367 2.0169913 3.6568872 6.8803801 1.7992398 2.0136681 0.8070528 2.6473302 3.0539465 8.9801950 0.4468481 
DQ660909.1                                       0.3443603 2.3251927 0.3752096 2.9085216 2.2080050 2.9948689 2.6672512 1.6828983 2.3900218 1.7869202 2.2155692 2.1296751 5.2652599 2.0037617 2.4934522 2.3473884 3.0202379 3.0236502 3.1423030 3.0272537 3.0272537 3.0705979 2.4861611 0.0000000 0.8170903 2.5361215 1.9844945 5.9777744 1.5360807 2.0838457 2.7937501 2.6720187 0.0124686 8.9999981 2.5200668 1.5933789 2.5855770 2.5581873 2.9686887 2.9686887 5.8050230 1.5773166 3.0495129 8.2771376 0.5577318 5.5159621 2.9453683 2.9001812 2.3873007 3.1084689 0.5166815 2.5118572 0.1294725 0.3883104 0.3731629 0.3573975 0.4440950 0.4520088 4.4916089 2.0503776 3.0995185 3.4477735 3.3463569 2.9815486 2.5764349 2.5157490 1.6775269 2.1390460 2.3601089 0.0000010 0.0000010 0.0000010 0.0000010 0.0000010 0.0000010 1.7941916 1.0266895 0.0063812 0.1647147 0.5749674 1.8823584 0.2319753 0.6436849 0.3327116 7.3681520 0.7658280 0.9593802 0.1003043 0.3330431 0.6624953 4.5989403 0.8967579 0.2232151 0.0117507 0.0058888 2.0078319 0.3330431 7.9251512 0.0384741 0.1144408 8.9999983 0.5375112 0.3048189 0.0489287 0.1045108 0.0461178 0.1099597 0.1085897 0.1402325 0.5856676 0.7584703 3.5373943 0.0525352 0.4671876 0.1094476 0.4168434 0.6624953 4.5989403 2.8118383 1.6089466 1.5874940 0.0480585 0.1647282 0.0054899 0.1792624 0.4861148 0.1777882 0.1139509 1.6375677 0.0000010 0.0991722 2.4019422 0.0389377 0.2502421 0.5342575 0.1529995 0.1483636 0.1710309 0.0455013 8.9999990 0.5618446 0.0071169 0.0392444 0.0058888 2.0078319 0.1197431 0.1781126 0.0000010 0.1223753 0.0000010 0.9326391 2.0336339 4.5227557 0.1739222 0.0053153 0.0946982 0.1719864 1.2559854 8.9999989 0.3229146 
