74
MF465900.1            0.0000000 0.1985983 0.0551533 3.3575938 0.1921741 2.9478123 2.3811065 2.5447754 3.1925115 1.5619963 3.3368979 3.0181335 8.9999981 2.6604582 3.1855788 0.1979185 4.2338329 4.3682475 4.3139228 4.3678619 4.4725429 4.3941394 0.2064592 0.8966053 0.0371636 4.4046643 2.4693935 8.9999983 1.6194794 2.6293464 4.0904017 3.1104428 0.3799508 4.6593475 2.3851762 3.1835716 3.5514430 5.5936057 5.5664133 8.9999982 0.1130540 2.5366197 5.8403674 0.7605815 8.9999980 0.2095953 0.2066045 0.1978171 0.1959089 0.3695410 0.1889770 0.0559610 0.0568311 0.0574801 0.0546040 0.0578817 0.0583750 0.2170012 0.0956238 0.1931905 0.1805388 0.2831586 0.2248381 0.2415623 0.1758526 0.2039473 1.4956771 0.0019773 0.0019464 0.0019545 0.0000010 0.0039165 0.0104077 2.4473173 
MK694759.1            0.1985983 0.0000000 0.1906746 0.3434964 0.0330525 0.1784245 0.1563682 2.9188894 0.2016712 2.8204220 0.2013473 0.1743591 0.7575777 0.1586578 2.3488163 0.0016329 0.4504850 0.4453835 0.4498081 0.4447426 0.4593034 0.4300312 0.0517178 2.4574754 0.1037656 0.3562158 2.9808124 1.2677158 2.9373304 3.1170813 0.4264578 0.2043793 1.4887894 0.4196194 0.4372416 0.4254057 0.2012555 0.5380142 0.5369292 0.1309439 0.0231591 0.1682736 7.8424556 8.9999984 1.2453359 0.1183994 0.1172444 0.0342770 0.1198340 3.1001973 0.0347964 0.1645028 0.1731882 0.1731882 0.1714210 0.1857980 0.1864449 0.1661059 0.1957278 0.1179242 0.1027228 0.1387530 0.1205175 0.1100127 0.0294146 0.0329164 0.0995157 0.0237929 0.0233916 0.0234982 0.0232235 0.0355932 0.0128608 2.8328196 
MF465899.1            0.0551533 0.1906746 0.0000000 2.6936830 0.1801017 2.9129347 2.7096726 2.1192047 2.6713455 1.5718977 2.4849702 2.4838930 7.7662083 2.1103158 2.4684332 0.1900147 3.2039661 3.2354662 3.3114174 3.2331152 3.2944314 3.2944196 0.1926390 0.3598983 0.0283292 3.1935310 2.2032697 8.1482678 1.4658820 2.4112313 3.0938785 2.9028720 0.2077403 3.1045786 1.8627909 2.7042394 3.0289056 4.0451835 4.0335172 4.1688721 0.1031215 2.8002369 5.1862178 0.8825568 6.3497069 0.2022127 0.1992951 0.1878938 0.1933552 0.4090789 0.1843970 0.0265440 0.0350467 0.0356038 0.0332355 0.0447208 0.0445782 0.2083542 0.0958391 0.1906549 0.1754671 0.2319960 0.1899196 0.1981049 0.1495753 0.1845147 1.2951362 0.0029659 0.0029196 0.0029317 0.0029004 0.0023286 0.0120719 2.0171403 
AY328523.1            3.3575938 0.3434964 2.6936830 0.0000000 0.3846030 0.7244109 0.4765167 2.9972346 0.6671341 3.0170445 0.6758162 0.5236841 1.9179517 0.4249435 3.1514355 0.3249470 0.0174445 0.0101624 0.0177355 0.0118913 0.0137430 0.0138012 0.0825474 3.1922777 3.5170270 0.1007584 3.0739068 3.0925076 2.8610988 3.1860397 0.0837133 0.4795866 2.5902234 0.0608046 0.0094896 0.0101675 0.3938602 1.1008600 1.0989787 1.0176609 0.2484371 0.5919531 7.4240861 7.2805985 0.0482085 1.5653785 1.5319784 0.3030529 1.4739014 4.9017992 0.3900640 2.6207110 2.8301574 2.8373545 2.7392526 3.3489636 3.2990799 3.4192318 2.6717493 1.4739014 1.3619613 1.8973374 1.6187255 1.0784583 0.4458478 0.4542508 0.4224696 0.0000010 0.0000010 0.0000010 0.0000010 0.0000010 0.0000010 2.9865631 
MK504639.1            0.1921741 0.0330525 0.1801017 0.3846030 0.0000000 0.1498393 0.1598112 2.6230603 0.0802512 2.4995398 0.2469928 0.1975124 0.1972947 0.1579582 2.4502891 0.0324864 0.5047058 0.5014612 0.5136394 0.5103364 0.5273414 0.4905420 0.0599108 2.3546180 0.1057867 0.5395963 2.6792716 0.2358107 2.7130760 2.8286559 0.5351411 0.0760246 1.3307788 0.4564166 0.3553005 0.4441560 0.2008010 0.5127784 0.5116753 0.3997265 0.0215401 0.0932240 6.6132643 5.1581720 1.2751592 0.1089602 0.1078615 0.0437407 0.1075458 2.5410894 0.0469508 0.1659185 0.1656309 0.1664755 0.1647548 0.1869501 0.1876023 0.1669734 0.1880994 0.1068543 0.1005752 0.1430421 0.1142339 0.1112358 0.0308391 0.0210282 0.0516631 0.0267946 0.0263290 0.0264531 0.0261340 0.0349645 0.0121380 2.5693835 
KX809916.1            2.9478123 0.1784245 2.9129347 0.7244109 0.1498393 0.0000000 0.1384610 2.6579022 0.1087928 2.0258779 0.2330386 0.2188152 0.0000010 0.1464154 2.6694030 0.1784245 0.9757642 0.9362127 1.0000529 0.9886676 0.9886676 0.9480332 0.8178746 2.5327420 0.0000010 0.8343041 2.4589940 0.0000010 2.2619707 2.6391403 0.9466266 0.1433897 2.6799789 0.6604435 1.2792326 1.0990993 0.0791058 0.0791058 0.0791058 0.0000010 0.0000010 0.1352233 0.0000010 0.0000010 0.0000010 2.1784464 2.1784464 0.1905761 2.2725533 0.0000010 0.1549015 3.1440403 2.7564312 2.7564312 2.7564312 3.3851487 3.3851487 2.4515608 3.1993940 2.2725533 1.4250870 2.8008826 1.8384261 1.6840489 0.1157540 0.0861231 0.0915696 0.0000010 0.0000010 0.0000010 0.0000010 0.0000010 0.0000010 2.5807528 
KX809913.1            2.3811065 0.1563682 2.7096726 0.4765167 0.1598112 0.1384610 0.0000000 2.6538198 0.1138910 1.8285974 0.2209720 0.2188544 0.0000010 0.1608595 2.3195432 0.1563682 0.6176562 0.5912552 0.6321219 0.6252038 0.6252038 0.5973983 0.6805943 2.4590078 0.0000010 0.6930706 2.4092750 0.0000010 2.0686132 2.5789644 0.7825076 0.2025580 2.6009762 0.5264929 0.5444096 0.6929565 0.1109158 0.1109158 0.1109158 0.0000010 0.0000010 0.1895040 0.0000010 0.0000010 0.0000010 1.6526061 1.6526061 0.1198099 1.7420717 0.0000010 0.0520268 2.9691197 2.6243994 2.6243994 2.6243994 3.3087582 3.3087582 2.5288722 3.3839103 1.7420717 1.3593609 2.9641905 2.0103530 1.6041483 0.1310998 0.1059089 0.1054880 0.0000010 0.0000010 0.0000010 0.0000010 0.0000010 0.0000010 2.5582429 
MZ868176.1            2.5447754 2.9188894 2.1192047 2.9972346 2.6230603 2.6579022 2.6538198 0.0000000 3.1061619 0.0226728 2.9434755 2.6993294 6.8212567 2.5589225 2.2054601 2.9212609 3.0697026 3.0270689 3.0078757 3.0189749 3.0788986 2.9499796 2.7331399 1.5867082 8.9999984 2.7951997 0.0234961 8.2688066 0.0218849 0.0399512 2.9149883 2.6021005 2.0748812 2.6806278 2.4674398 2.7080268 2.6208348 2.5680620 2.5680620 4.9699878 2.3687559 2.5632796 0.2027284 8.9999983 8.9999988 3.3179109 3.2663474 2.6394677 3.4458690 8.9999985 3.1511732 2.4277817 1.9148069 1.9424016 1.7499190 2.4100134 2.5039148 3.6607504 0.1668057 3.4129772 3.0830359 3.4459645 3.7259284 2.9625840 2.3230355 2.8555668 2.9479727 0.0000010 0.0000010 0.0000010 0.0000010 0.0000010 0.0000010 0.0140795 
MH753231.1            3.1925115 0.2016712 2.6713455 0.6671341 0.0802512 0.1087928 0.1138910 3.1061619 0.0000000 2.7522495 0.2573574 0.2123426 0.0277259 0.2071549 2.7564436 0.1992639 0.6845062 0.7128250 0.6649814 0.7262803 0.7516881 0.6634999 0.7961167 2.3636969 4.7838586 0.9051079 3.1959211 0.0236822 3.0302867 3.3049501 0.8032740 0.0793384 2.3005604 0.6980339 0.4256859 0.4696339 0.2060569 0.3223251 0.3223251 0.7443464 0.2406257 0.0446162 8.9999986 4.6018142 2.0991622 1.9435877 1.9021992 0.2903556 1.8569602 4.5844712 0.3676922 2.5335294 2.6157146 2.6127675 2.4825407 2.7222889 2.7007536 4.5713040 2.8600809 1.8569602 1.5322420 2.5685241 2.1679628 1.7205019 0.2183107 0.0016720 0.0016844 0.0000010 0.0000010 0.0000010 0.0000010 0.0000010 0.0000010 3.0417668 
AY333646.1            1.5619963 2.8204220 1.5718977 3.0170445 2.4995398 2.0258779 1.8285974 0.0226728 2.7522495 0.0000000 2.5049973 2.3667393 7.3915666 2.4283447 2.7140481 2.8210113 2.9208495 2.9303998 2.9227033 2.9199032 2.9817150 2.8508703 2.9832071 1.6347419 5.7045533 3.0696723 0.0294783 7.3371879 0.0255759 0.0522329 2.9685636 2.4277902 1.5867389 2.9438200 2.3975701 2.3157715 2.4866476 3.1070261 3.1070261 5.3543823 2.4232502 1.9914414 0.1876945 8.9999981 8.9999986 3.2137929 3.1643553 2.5961583 3.1157735 8.9999987 2.9164074 1.8858119 1.4877368 1.4697484 1.3603963 1.7673690 1.7338684 3.7485357 0.1059899 3.1284351 2.8927946 4.1096603 3.4612301 3.4509566 2.4925436 2.6712302 2.5907539 0.0000010 0.0000010 0.0000010 0.0000010 0.0000010 0.0000010 0.0103382 
AY293968.1            3.3368979 0.2013473 2.4849702 0.6758162 0.2469928 0.2330386 0.2209720 2.9434755 0.2573574 2.5049973 0.0000000 0.0440846 0.8831437 0.0359814 3.0050822 0.1980529 0.7246898 0.6722063 0.7062835 0.6844899 0.7077648 0.6438553 0.7320546 2.5790003 4.4424107 0.7535979 2.8887714 1.3477252 2.4458908 3.0579205 0.7381882 0.2587558 2.5476426 0.7509033 0.5768211 0.6821797 0.2072666 0.3687312 0.3687312 0.5079148 0.0052558 0.2892827 6.0631782 4.2299237 1.6209973 2.0763565 2.0353850 0.3287376 1.9920662 4.2052317 0.2885056 2.6228254 2.6971351 2.6923423 2.6046274 2.8516733 2.8263697 4.1219822 2.8560551 1.9920662 1.2330014 2.6727488 1.9604496 1.6469751 0.0133511 0.2456601 0.2370796 0.0000010 0.0000010 0.0000010 0.0000010 0.0000010 0.0000010 2.8352526 
MZ868162.1            3.0181335 0.1743591 2.4838930 0.5236841 0.1975124 0.2188152 0.2188544 2.6993294 0.2123426 2.3667393 0.0440846 0.0000000 0.6741312 0.0392915 2.9306511 0.1666994 0.5880782 0.5581056 0.5736781 0.5556268 0.5746073 0.5230443 0.6187022 2.4898142 3.8543368 0.6090745 2.6783032 1.0263669 2.2884990 2.8743471 0.6201990 0.2049800 2.3672237 0.6565751 0.4857984 0.5223906 0.1864045 0.4221398 0.4221398 0.5382108 0.0220226 0.2375474 4.9683884 3.6953512 1.2290412 1.8659726 1.8315109 0.2851572 1.7930046 3.6580995 0.2995936 2.3846539 2.4069457 2.4080661 2.3335100 2.5880061 2.5730637 3.4330970 2.4550659 1.7930046 1.0715426 2.3969267 1.5914218 1.5092896 0.0394773 0.2053975 0.1979738 0.0000010 0.0000010 0.0000010 0.0000010 0.0000010 0.0000010 2.5780128 
KJ690280.1            8.9999981 0.7575777 7.7662083 1.9179517 0.1972947 0.0000010 0.0000010 6.8212567 0.0277259 7.3915666 0.8831437 0.6741312 0.0000000 0.6581844 0.0000010 0.7411561 1.8291631 2.0718573 1.7930415 2.0499120 2.1633424 1.8296819 2.0033658 6.0690456 5.0965396 2.3711882 6.8109425 0.0181817 6.7954214 7.1294672 2.0033658 0.2197499 6.1354656 2.1233728 1.0684110 1.1941403 0.6530166 1.1821224 1.1821224 0.7391139 0.7902208 0.0000010 8.9999986 5.3374748 2.1186816 4.5339667 4.5132549 1.2096556 4.4886815 5.3358360 1.9432905 5.6173053 4.8277166 4.7075483 4.2597172 5.4893944 5.2242182 8.9999983 6.0386799 4.4886815 3.6092820 6.2188206 7.3446870 4.9084302 0.8809785 0.0279785 0.0283391 0.0000010 0.0000010 0.0000010 0.0000010 0.0000010 0.0000010 6.5072119 
AY328524.1            2.6604582 0.1586578 2.1103158 0.4249435 0.1579582 0.1464154 0.1608595 2.5589225 0.2071549 2.4283447 0.0359814 0.0392915 0.6581844 0.0000000 2.3453167 0.1561584 0.5700091 0.5412904 0.5562942 0.5389393 0.5571457 0.5076906 0.4087207 2.2270228 3.2163910 0.4689570 2.5112094 1.0850990 2.3967310 2.6872776 0.5182129 0.1924721 1.9504600 0.5247596 0.5330441 0.6046657 0.1632597 0.4116352 0.4116352 0.5447977 0.0197773 0.1685497 4.8612108 3.7167490 1.0195030 1.2644932 1.2365340 0.2208863 1.2484627 3.0077362 0.2441916 2.0392627 2.1280387 2.1488560 2.0632729 2.2723402 2.2667292 2.7508255 2.3486138 1.2484627 0.7232017 1.7409393 1.2587724 1.0946434 0.0350281 0.1674601 0.1706262 0.0000010 0.0000010 0.0000010 0.0000010 0.0000010 0.0000010 2.4689651 
LC660445.1            3.1855788 2.3488163 2.4684332 3.1514355 2.4502891 2.6694030 2.3195432 2.2054601 2.7564436 2.7140481 3.0050822 2.9306511 0.0000010 2.3453167 0.0000000 2.3488163 3.3906880 3.3855426 3.2766685 3.4107032 3.4107032 3.2530980 2.4740726 1.8805010 0.0000010 2.4058338 2.2054957 0.0000010 2.4015864 2.4099457 2.8799507 2.7223670 2.3827760 2.5180588 2.8239036 3.4591929 2.1273980 2.1273980 2.1273980 0.0000010 0.3212724 2.7702441 0.0000010 0.0000010 0.0000010 2.7489115 2.7489115 2.1182087 3.1484339 0.0000010 2.2091050 2.9308995 2.6597908 2.6597908 2.6597908 2.6755608 2.6755608 2.1095801 3.0383474 3.1840914 2.9764199 3.1426250 3.0336623 2.9206735 2.1083358 2.2501854 2.8005621 0.0000010 0.0000010 0.0000010 0.0000010 0.0000010 0.0000010 2.1903030 
MK694758.1            0.1979185 0.0016329 0.1900147 0.3249470 0.0324864 0.1784245 0.1563682 2.9212609 0.1992639 2.8210113 0.1980529 0.1666994 0.7411561 0.1561584 2.3488163 0.0000000 0.4234335 0.4185992 0.4228551 0.4180567 0.4317662 0.4042580 0.0516952 2.4515422 0.1018445 0.3834806 2.9843864 1.2355983 2.9408938 3.1227548 0.4329745 0.2022137 1.4723392 0.4004228 0.4017994 0.3953721 0.1991760 0.5329904 0.5319098 0.1279064 0.0221070 0.1682736 8.3215150 8.9999989 1.1569049 0.1173434 0.1161956 0.0342649 0.1187608 3.1232552 0.0342205 0.1639025 0.1725716 0.1725716 0.1708085 0.1851547 0.1858007 0.1653300 0.1922055 0.1168614 0.1017514 0.1391365 0.1185125 0.1084299 0.0284259 0.0323447 0.0988278 0.0226843 0.0223023 0.0224037 0.0221424 0.0346470 0.0120448 2.8336054 
AY293948.1            4.2338329 0.4504850 3.2039661 0.0174445 0.5047058 0.9757642 0.6176562 3.0697026 0.6845062 2.9208495 0.7246898 0.5880782 1.8291631 0.5700091 3.3906880 0.4234335 0.0000000 0.0101148 0.0100192 0.0083809 0.0101690 0.0065963 0.0774781 3.2712861 5.5410580 0.0902351 3.1501689 2.7107300 2.8933578 3.2619010 0.0744177 0.5452343 3.2567114 0.0446738 0.0068924 0.0079135 0.4066281 0.7993208 0.7993208 1.2096221 0.3677772 0.7012033 8.9999989 7.8109814 0.0309348 2.1970256 2.1468094 0.4269435 2.0956373 7.8875896 0.4893664 3.3778154 3.5058267 3.5029584 3.3984759 4.1902061 4.0960794 4.5254725 3.2168124 2.0956373 1.8724752 2.7653339 2.5740989 1.7461267 0.6087134 0.6083479 0.5681692 0.0000010 0.0000010 0.0000010 0.0000010 0.0000010 0.0000010 3.0570015 
AY293947.1            4.3682475 0.4453835 3.2354662 0.0101624 0.5014612 0.9362127 0.5912552 3.0270689 0.7128250 2.9303998 0.6722063 0.5581056 2.0718573 0.5412904 3.3855426 0.4185992 0.0101148 0.0000000 0.0138225 0.0016064 0.0032469 0.0066674 0.0781037 3.3100289 5.9246596 0.0908070 3.1075660 3.1429911 2.8323511 3.2225825 0.0748325 0.5658400 3.2940789 0.0473948 0.0120371 0.0123539 0.4299728 0.8442576 0.8442576 1.1821183 0.3362645 0.7529274 8.9999986 8.9999990 0.0380730 2.2269601 2.1768860 0.3877982 2.1262746 8.9999982 0.5180562 3.4177132 3.5447961 3.5412032 3.4331632 4.2972630 4.1945981 4.6747454 3.2907893 2.1262746 1.8843137 2.8706225 2.6811926 1.7657685 0.5749565 0.6324718 0.5706532 0.0000010 0.0000010 0.0000010 0.0000010 0.0000010 0.0000010 3.0152549 
AY293946.1            4.3139228 0.4498081 3.3114174 0.0177355 0.5136394 1.0000529 0.6321219 3.0078757 0.6649814 2.9227033 0.7062835 0.5736781 1.7930415 0.5562942 3.2766685 0.4228551 0.0100192 0.0138225 0.0000000 0.0120245 0.0138997 0.0066059 0.0775816 3.2421662 5.8178813 0.0903507 3.0861145 2.6737082 2.9924166 3.1995859 0.0745185 0.5312057 3.2287787 0.0501630 0.0022641 0.0039388 0.3965379 0.7775080 0.7775080 1.1315908 0.3613264 0.7191178 8.9999988 8.9999987 0.0221556 2.2229134 2.1740860 0.4263476 2.1246619 8.9999989 0.5091843 3.4913484 3.6050674 3.6006419 3.4957531 4.3174334 4.2163604 4.5369525 3.3117311 2.1246619 1.9487466 2.8244231 2.6378691 1.7454136 0.5923823 0.5923745 0.5532508 0.0000010 0.0000010 0.0000010 0.0000010 0.0000010 0.0000010 2.9967741 
AY293945.1            4.3678619 0.4447426 3.2331152 0.0118913 0.5103364 0.9886676 0.6252038 3.0189749 0.7262803 2.9199032 0.6844899 0.5556268 2.0499120 0.5389393 3.4107032 0.4180567 0.0083809 0.0016064 0.0120245 0.0000000 0.0016142 0.0049716 0.0782373 3.3074935 5.9246596 0.0909543 3.1009005 3.1429911 2.8161055 3.2184530 0.0749627 0.5511721 3.2915635 0.0450590 0.0095519 0.0102255 0.4192782 0.8213028 0.8213028 1.1698413 0.3343439 0.7102289 8.9999986 8.9999985 0.0380730 2.2225936 2.1725182 0.3946913 2.1218443 8.9999989 0.5171007 3.4155755 3.5431507 3.5395786 3.4313670 4.2967920 4.1939429 4.6526687 3.2880344 2.1218443 1.8805572 2.8666907 2.6767266 1.7321971 0.5721418 0.6436259 0.5807873 0.0000010 0.0000010 0.0000010 0.0000010 0.0000010 0.0000010 3.0071368 
AY293933.1            4.4725429 0.4593034 3.2944314 0.0137430 0.5273414 0.9886676 0.6252038 3.0788986 0.7516881 2.9817150 0.7077648 0.5746073 2.1633424 0.5571457 3.4107032 0.4317662 0.0101690 0.0032469 0.0138997 0.0016142 0.0000000 0.0067021 0.0816356 3.3787400 6.2319473 0.0947691 3.1632953 3.3070780 2.8951646 3.2793320 0.0782754 0.5693291 3.3611149 0.0477440 0.0121303 0.0124355 0.4329866 0.8480128 0.8480128 1.2417759 0.3526654 0.7102289 8.9999983 8.9999988 0.0442380 2.2774946 2.2259187 0.4077588 2.1745662 8.9999987 0.5344750 3.4825187 3.6024649 3.5978881 3.4884399 4.3816102 4.2728398 4.7712833 3.3487832 2.1745662 1.9200881 2.8956400 2.7517142 1.7405165 0.5934763 0.6648344 0.6001656 0.0000010 0.0000010 0.0000010 0.0000010 0.0000010 0.0000010 3.0654096 
AY293932.1            4.3941394 0.4300312 3.2944196 0.0138012 0.4905420 0.9480332 0.5973983 2.9499796 0.6634999 2.8508703 0.6438553 0.5230443 1.8296819 0.5076906 3.2530980 0.4042580 0.0065963 0.0066674 0.0066059 0.0049716 0.0067021 0.0000000 0.0722566 3.2199646 5.9744512 0.0845239 3.0275471 2.8204510 2.8136058 3.1445269 0.0692753 0.5299984 3.2062913 0.0453950 0.0045966 0.0080212 0.3955411 0.7759915 0.7759915 1.1753261 0.3230050 0.6788259 8.9999987 8.9999982 0.0266125 2.1018409 2.0550023 0.3815911 2.0059496 8.9999982 0.4968772 3.4829629 3.6031018 3.5985051 3.4888296 4.3844811 4.2752827 4.4516269 3.3162947 2.0059496 1.8975768 2.7723152 2.5836667 1.6986468 0.5355975 0.5910785 0.5519946 0.0000010 0.0000010 0.0000010 0.0000010 0.0000010 0.0000010 2.9401831 
KM020052.1            0.2064592 0.0517178 0.1926390 0.0825474 0.0599108 0.8178746 0.6805943 2.7331399 0.7961167 2.9832071 0.7320546 0.6187022 2.0033658 0.4087207 2.4740726 0.0516952 0.0774781 0.0781037 0.0775816 0.0782373 0.0816356 0.0722566 0.0000000 2.7599648 0.1125417 0.0141597 2.8957306 2.9322822 2.7351104 3.1027563 0.0031470 0.5543773 1.6656984 0.1037303 0.0853794 0.0871330 0.3735228 1.0168275 1.0150999 1.0372553 0.0308367 0.8078208 6.9224220 6.2643686 0.1500680 0.1106303 0.1095118 0.0496720 0.1100236 3.0473522 0.0544375 0.1768561 0.1879960 0.1892517 0.1846942 0.2023282 0.2030218 0.1704847 0.1866469 0.1100236 0.1015361 0.1309194 0.1245333 0.1070535 0.0550645 0.0652526 0.2394345 0.0228386 0.0224513 0.0225540 0.0222891 0.0370478 0.0121048 2.7288561 
DQ660909.1            0.8966053 2.4574754 0.3598983 3.1922777 2.3546180 2.5327420 2.4590078 1.5867082 2.3636969 1.6347419 2.5790003 2.4898142 6.0690456 2.2270228 1.8805010 2.4515422 3.2712861 3.3100289 3.2421662 3.3074935 3.3787400 3.2199646 2.7599648 0.0000000 0.4202902 2.7362346 1.7588054 6.2425578 2.0013246 1.8437899 2.9416256 2.5831847 0.0122572 2.8626400 1.9329288 2.6226947 2.6410100 3.2070483 3.2070483 6.8007888 2.0424320 2.4379357 8.9999985 0.4355354 6.5014831 2.9636470 2.9062846 2.6320808 3.1139626 0.4013681 2.9992491 0.0876609 0.4041931 0.4127594 0.3701091 0.4991470 0.5084805 4.5778551 1.2461522 3.0703239 3.1191408 3.2967016 2.7720489 2.8510712 1.9725727 2.2976106 2.4526266 0.0000010 0.0000010 0.0000010 0.0000010 0.0000010 0.0000010 1.5131358 
OM304844.1            0.0371636 0.1037656 0.0283292 3.5170270 0.1057867 0.0000010 0.0000010 8.9999984 4.7838586 5.7045533 4.4424107 3.8543368 5.0965396 3.2163910 0.0000010 0.1018445 5.5410580 5.9246596 5.8178813 5.9246596 6.2319473 5.9744512 0.1125417 0.4202902 0.0000000 5.1207721 8.9999988 4.5713554 6.5429853 8.9999988 5.2829609 3.8561838 0.1149960 5.6133638 4.8051327 4.7951372 5.4489164 8.9999981 8.9999981 4.6591374 0.0998101 0.0000010 4.3954912 0.3560352 5.2108984 0.0955258 0.0946120 0.1135995 0.0955258 0.1855504 0.1155538 0.0205525 0.0286274 0.0286621 0.0271269 0.0277179 0.0269437 0.1247018 0.0445444 0.0955258 0.1007493 0.1173371 0.1064500 0.1105832 0.1056842 0.1031933 0.8197640 0.0046180 0.0045340 0.0045559 0.0045054 0.0063704 0.0129144 8.9999986 
MN871439.1            4.4046643 0.3562158 3.1935310 0.1007584 0.5395963 0.8343041 0.6930706 2.7951997 0.9051079 3.0696723 0.7535979 0.6090745 2.3711882 0.4689570 2.4058338 0.3834806 0.0902351 0.0908070 0.0903507 0.0909543 0.0947691 0.0845239 0.0141597 2.7362346 5.1207721 0.0000000 2.9788108 3.4078661 2.8927462 3.1793638 0.0116750 0.6212597 2.8008456 0.1142432 0.0869924 0.0846332 0.3837078 1.0481672 1.0463787 1.1971953 0.3000882 0.8240205 8.8295407 7.4871685 0.2192609 1.6552994 1.6163881 0.3758010 1.7672688 7.5862597 0.4626182 3.0909045 3.1090721 3.1123507 3.0094434 3.7752302 3.7022100 3.7918689 3.1850766 1.7672688 1.5862279 2.0898112 2.0056771 1.1569581 0.4670946 0.6049745 0.6305266 0.0000010 0.0000010 0.0000010 0.0000010 0.0000010 0.0000010 2.7891935 
MN190713.1            2.4693935 2.9808124 2.2032697 3.0739068 2.6792716 2.4589940 2.4092750 0.0234961 3.1959211 0.0294783 2.8887714 2.6783032 6.8109425 2.5112094 2.2054957 2.9843864 3.1501689 3.1075660 3.0861145 3.1009005 3.1632953 3.0275471 2.8957306 1.7588054 8.9999988 2.9788108 0.0000000 7.9992943 0.0225315 0.0253317 3.0268871 2.7069298 2.2339006 2.8224498 2.4865091 2.6767710 2.6501591 2.5715965 2.5715965 4.7813863 2.5664548 2.4053819 0.1692160 8.9999982 8.9999980 3.2661916 3.2193170 2.8039797 3.3209089 8.9999989 3.1518510 2.5440432 2.1992373 2.2226823 2.0168651 2.8152126 2.7235216 3.8081342 0.1661215 3.2900190 3.1150174 3.6194787 3.6785331 3.0533361 2.3590768 2.9735377 3.0040622 0.0000010 0.0000010 0.0000010 0.0000010 0.0000010 0.0000010 0.0197608 
KJ690288.1            8.9999983 1.2677158 8.1482678 3.0925076 0.2358107 0.0000010 0.0000010 8.2688066 0.0236822 7.3371879 1.3477252 1.0263669 0.0181817 1.0850990 0.0000010 1.2355983 2.7107300 3.1429911 2.6737082 3.1429911 3.3070780 2.8204510 2.9322822 6.2425578 4.5713554 3.4078661 7.9992943 0.0000000 7.3981090 8.4948649 2.9322822 0.2642473 6.8820538 2.6146855 1.9009283 2.0103003 1.0364981 1.4904396 1.4904396 1.5472649 1.2216003 0.0000010 8.9999985 6.2333084 2.7144958 4.5091009 4.5319290 1.9760652 4.5091009 5.7377722 2.6608963 5.9418050 5.0517618 5.0187776 4.4740231 5.8187013 5.5345596 8.9999981 6.6252071 4.5091009 3.8869714 8.9999988 8.9999988 6.3099096 1.3550367 0.0183748 0.0187505 0.0000010 0.0000010 0.0000010 0.0000010 0.0000010 0.0000010 7.7989664 
OK491799.1            1.6194794 2.9373304 1.4658820 2.8610988 2.7130760 2.2619707 2.0686132 0.0218849 3.0302867 0.0255759 2.4458908 2.2884990 6.7954214 2.3967310 2.4015864 2.9408938 2.8933578 2.8323511 2.9924166 2.8161055 2.8951646 2.8136058 2.7351104 2.0013246 6.5429853 2.8927462 0.0225315 7.3981090 0.0000000 0.0451691 2.7555515 2.4801206 1.9034077 2.8897172 2.0161148 1.9947291 2.7633993 3.4645625 3.4645625 5.1204718 2.2659574 2.2172928 0.1249659 7.0246271 8.9999981 3.2752664 3.2179015 2.6444079 3.1615924 7.1211768 3.0831494 1.7834471 1.5225184 1.5542855 1.3758800 1.7577875 1.7206915 3.9782603 0.0899190 3.1770693 2.6861020 4.3324245 3.5678647 3.5488418 2.4633270 3.0456207 2.8776804 0.0000010 0.0000010 0.0000010 0.0000010 0.0000010 0.0000010 0.0080745 
MZ868175.1            2.6293464 3.1170813 2.4112313 3.1860397 2.8286559 2.6391403 2.5789644 0.0399512 3.3049501 0.0522329 3.0579205 2.8743471 7.1294672 2.6872776 2.4099457 3.1227548 3.2619010 3.2225825 3.1995859 3.2184530 3.2793320 3.1445269 3.1027563 1.8437899 8.9999988 3.1793638 0.0253317 8.4948649 0.0451691 0.0000000 3.2271658 2.7972760 2.3041347 2.9457787 2.6091774 2.8275531 2.8377790 2.7624769 2.7624769 4.9291371 2.7395900 2.5785551 0.2009112 8.9999980 8.9999985 3.3423348 3.2970251 2.9046067 3.3947041 8.9999980 3.2631107 2.6427601 2.3388596 2.3591564 2.1539285 2.8436514 2.7548824 3.9818109 0.2265809 3.3659082 3.2893465 3.5746510 3.7258862 3.0464418 2.5200487 3.1107866 3.1398296 0.0000010 0.0000010 0.0000010 0.0000010 0.0000010 0.0000010 0.0356081 
MW013811.1            4.0904017 0.4264578 3.0938785 0.0837133 0.5351411 0.9466266 0.7825076 2.9149883 0.8032740 2.9685636 0.7381882 0.6201990 2.0033658 0.5182129 2.8799507 0.4329745 0.0744177 0.0748325 0.0745185 0.0749627 0.0782754 0.0692753 0.0031470 2.9416256 5.2829609 0.0116750 3.0268871 2.9322822 2.7555515 3.2271658 0.0000000 0.5759145 2.9803954 0.1071889 0.0852274 0.0831714 0.4293052 0.9668155 0.9668155 1.0043429 0.3235972 0.9349901 8.9999983 7.7748548 0.1555560 2.1184925 2.0680494 0.4128159 2.0155330 7.8627220 0.4814435 3.2856093 3.3331841 3.3330074 3.2286714 4.0008260 3.9177729 4.1778370 3.3246718 2.0155330 1.6691813 2.4424702 2.1464532 1.4765474 0.5700515 0.6532659 0.6137326 0.0000010 0.0000010 0.0000010 0.0000010 0.0000010 0.0000010 2.9059891 
MN738564.1            3.1104428 0.2043793 2.9028720 0.4795866 0.0760246 0.1433897 0.2025580 2.6021005 0.0793384 2.4277902 0.2587558 0.2049800 0.2197499 0.1924721 2.7223670 0.2022137 0.5452343 0.5658400 0.5312057 0.5511721 0.5693291 0.5299984 0.5543773 2.5831847 3.8561838 0.6212597 2.7069298 0.2642473 2.4801206 2.7972760 0.5759145 0.0000000 2.5199075 0.5372604 0.3661720 0.4375465 0.1848129 0.4202292 0.4403724 0.5605081 0.1723191 0.0000010 5.5736869 4.3921805 1.1528436 1.8448823 1.8073236 0.3162900 1.7652941 4.3717595 0.2826480 2.7237267 2.6675446 2.6637256 2.5655316 3.0920952 3.0576867 4.0300537 2.7725629 1.7652941 1.5596097 2.5365122 1.9153034 1.8044894 0.1690774 0.0763838 0.0749106 0.0000010 0.0000010 0.0000010 0.0000010 0.0000010 0.0000010 2.5975979 
MT066391.1            0.3799508 1.4887894 0.2077403 2.5902234 1.3307788 2.6799789 2.6009762 2.0748812 2.3005604 1.5867389 2.5476426 2.3672237 6.1354656 1.9504600 2.3827760 1.4723392 3.2567114 3.2940789 3.2287787 3.2915635 3.3611149 3.2062913 1.6656984 0.0122572 0.1149960 2.8008456 2.2339006 6.8820538 1.9034077 2.3041347 2.9803954 2.5199075 0.0000000 3.3968942 2.0646597 2.7502789 2.7547821 4.0755096 4.0630527 6.0073354 0.7297704 2.6735911 8.9999984 0.3510830 5.8669961 1.8486982 1.8154928 1.5712161 1.8199907 0.1998686 1.6790622 0.0573006 0.2300636 0.2341334 0.2137792 0.2869429 0.2912156 2.5216634 0.5117999 1.7784994 1.8640608 2.1496484 1.5033597 1.8700899 1.0834412 1.4113156 1.3204936 0.0000010 0.0000010 0.0000010 0.0000010 0.0000010 0.0000010 1.9773876 
KY402198.1            4.6593475 0.4196194 3.1045786 0.0608046 0.4564166 0.6604435 0.5264929 2.6806278 0.6980339 2.9438200 0.7509033 0.6565751 2.1233728 0.5247596 2.5180588 0.4004228 0.0446738 0.0473948 0.0501630 0.0450590 0.0477440 0.0453950 0.1037303 2.8626400 5.6133638 0.1142432 2.8224498 2.6146855 2.8897172 2.9457787 0.1071889 0.5372604 3.3968942 0.0000000 0.0340290 0.0332969 0.4201402 0.5075586 0.5075586 1.3692560 0.4114073 0.4907970 8.9999987 8.9428434 0.1297541 1.9067581 1.8668920 0.4238265 2.0184751 8.9999988 0.4989103 3.2436477 3.2820348 3.2826242 3.1836698 3.8402542 3.7679052 4.1498764 3.1110665 2.0184751 1.5536288 2.6607828 2.6143631 1.4533239 0.5366187 0.5395666 0.6095407 0.0000010 0.0000010 0.0000010 0.0000010 0.0000010 0.0000010 2.6774169 
KX185526.1            2.3851762 0.4372416 1.8627909 0.0094896 0.3553005 1.2792326 0.5444096 2.4674398 0.4256859 2.3975701 0.5768211 0.4857984 1.0684110 0.5330441 2.8239036 0.4017994 0.0068924 0.0120371 0.0022641 0.0095519 0.0121303 0.0045966 0.0853794 1.9329288 4.8051327 0.0869924 2.4865091 1.9009283 2.0161148 2.6091774 0.0852274 0.3661720 2.0646597 0.0340290 0.0000000 0.0022641 0.2682705 0.2764079 0.2764079 1.1543130 0.3057744 0.6900528 8.9999985 4.7889933 0.0142139 0.9270182 0.8840061 0.3210605 0.8504311 4.7577832 0.4454840 2.0247318 2.2431440 2.2002567 2.1258240 2.1549362 2.1515279 2.9900039 2.5829649 0.8504311 0.8733863 1.9344027 2.0076624 0.8627938 0.6077947 0.4070353 0.3788255 0.0000010 0.0000010 0.0000010 0.0000010 0.0000010 0.0000010 2.4498454 
KX185525.1            3.1835716 0.4254057 2.7042394 0.0101675 0.4441560 1.0990993 0.6929565 2.7080268 0.4696339 2.3157715 0.6821797 0.5223906 1.1941403 0.6046657 3.4591929 0.3953721 0.0079135 0.0123539 0.0039388 0.0102255 0.0124355 0.0080212 0.0871330 2.6226947 4.7951372 0.0846332 2.6767710 2.0103003 1.9947291 2.8275531 0.0831714 0.4375465 2.7502789 0.0332969 0.0022641 0.0000000 0.3152520 0.3234108 0.3234108 1.0979199 0.3231972 0.7448858 8.9999984 5.2785081 0.0216506 1.6972424 1.6432993 0.3600538 1.6012948 5.2724728 0.5240662 2.9377576 2.9981478 2.9414604 2.8882239 3.4868015 3.4254262 3.9230348 3.0540344 1.6012948 1.4400879 2.8339969 2.5464628 1.3234804 0.6072576 0.4560966 0.4148682 0.0000010 0.0000010 0.0000010 0.0000010 0.0000010 0.0000010 2.6817266 
KR149246.1            3.5514430 0.2012555 3.0289056 0.3938602 0.2008010 0.0791058 0.1109158 2.6208348 0.2060569 2.4866476 0.2072666 0.1864045 0.6530166 0.1632597 2.1273980 0.1991760 0.4066281 0.4299728 0.3965379 0.4192782 0.4329866 0.3955411 0.3735228 2.6410100 5.4489164 0.3837078 2.6501591 1.0364981 2.7633993 2.8377790 0.4293052 0.1848129 2.7547821 0.4201402 0.2682705 0.3152520 0.0000000 0.0885098 0.0882131 0.6330601 0.1866411 0.1052626 8.1304513 4.9852785 0.8735942 1.5186758 1.4876105 0.1985852 1.6065587 4.9762181 0.2290196 2.9508228 2.8258355 2.8187514 2.6855093 3.1739642 3.1377383 3.7050004 2.9129234 1.6065587 1.1640407 1.9732660 1.6384544 1.5207843 0.1516080 0.1597513 0.1629898 0.0000010 0.0000010 0.0000010 0.0000010 0.0000010 0.0000010 2.5107756 
HQ335216.1            5.5936057 0.5380142 4.0451835 1.1008600 0.5127784 0.0791058 0.1109158 2.5680620 0.3223251 3.1070261 0.3687312 0.4221398 1.1821224 0.4116352 2.1273980 0.5329904 0.7993208 0.8442576 0.7775080 0.8213028 0.8480128 0.7759915 1.0168275 3.2070483 8.9999981 1.0481672 2.5715965 1.4904396 3.4645625 2.7624769 0.9668155 0.4202292 4.0755096 0.5075586 0.2764079 0.3234108 0.0885098 0.0000000 0.0059736 1.4622057 0.8412875 0.1052626 8.9999985 8.9999983 3.3245560 2.7988129 2.7415013 0.4782102 2.9448651 8.9999982 0.5680750 4.3290642 3.8889096 3.8590575 3.6913332 4.3444686 4.2590124 5.7780136 4.1467077 2.9448651 2.2331297 3.5090051 3.0122631 2.6161086 0.4267375 0.3881029 0.4323811 0.0000010 0.0000010 0.0000010 0.0000010 0.0000010 0.0000010 2.4579369 
HQ335215.1            5.5664133 0.5369292 4.0335172 1.0989787 0.5116753 0.0791058 0.1109158 2.5680620 0.3223251 3.1070261 0.3687312 0.4221398 1.1821224 0.4116352 2.1273980 0.5319098 0.7993208 0.8442576 0.7775080 0.8213028 0.8480128 0.7759915 1.0150999 3.2070483 8.9999981 1.0463787 2.5715965 1.4904396 3.4645625 2.7624769 0.9668155 0.4403724 4.0630527 0.5075586 0.2764079 0.3234108 0.0882131 0.0059736 0.0000000 1.4622057 0.8388563 0.1052626 8.9999984 8.9999987 3.3245560 2.7901398 2.7332118 0.4771934 2.9353358 8.9999986 0.5669005 4.3151594 3.8787458 3.8491973 3.6822485 4.3317744 4.2471390 5.7442280 4.1345622 2.9353358 2.2270275 3.4961022 3.0027165 2.6082274 0.4256693 0.3984244 0.4313753 0.0000010 0.0000010 0.0000010 0.0000010 0.0000010 0.0000010 2.4579369 
MW412914.1            8.9999982 0.1309439 4.1688721 1.0176609 0.3997265 0.0000010 0.0000010 4.9699878 0.7443464 5.3543823 0.5079148 0.5382108 0.7391139 0.5447977 0.0000010 0.1279064 1.2096221 1.1821183 1.1315908 1.1698413 1.2417759 1.1753261 1.0372553 6.8007888 4.6591374 1.1971953 4.7813863 1.5472649 5.1204718 4.9291371 1.0043429 0.5605081 6.0073354 1.3692560 1.1543130 1.0979199 0.6330601 1.4622057 1.4622057 0.0000000 0.4703340 0.0000010 8.9999987 7.0116953 1.8475596 4.2798692 4.2519305 0.7121314 4.2278884 7.0496216 0.6165704 4.1675742 4.5045004 4.5045004 4.1254012 5.0543634 4.8753397 8.9999986 5.2858128 4.2278884 3.4902903 3.9213576 4.4864241 3.2888913 0.5239983 0.7429143 0.6348578 0.0000010 0.0000010 0.0000010 0.0000010 0.0000010 0.0000010 4.8627796 
KM020053.1            0.1130540 0.0231591 0.1031215 0.2484371 0.0215401 0.0000010 0.0000010 2.3687559 0.2406257 2.4232502 0.0052558 0.0220226 0.7902208 0.0197773 0.3212724 0.0221070 0.3677772 0.3362645 0.3613264 0.3343439 0.3526654 0.3230050 0.0308367 2.0424320 0.0998101 0.3000882 2.5664548 1.2216003 2.2659574 2.7395900 0.3235972 0.1723191 0.7297704 0.4114073 0.3057744 0.3231972 0.1866411 0.8412875 0.8388563 0.4703340 0.0000000 0.0000010 4.6463242 4.0233365 1.2021578 0.0568625 0.0560281 0.0283317 0.0560779 2.2988278 0.0298339 0.0912354 0.0966000 0.0973120 0.0950885 0.0991420 0.0997266 0.0939503 0.1037875 0.0552416 0.0445807 0.0700680 0.0668304 0.0648679 0.0032734 0.0214983 0.0807503 0.0215257 0.0211640 0.0212598 0.0210127 0.0336346 0.0112095 2.2605182 
KX809915.1            2.5366197 0.1682736 2.8002369 0.5919531 0.0932240 0.1352233 0.1895040 2.5632796 0.0446162 1.9914414 0.2892827 0.2375474 0.0000010 0.1685497 2.7702441 0.1682736 0.7012033 0.7529274 0.7191178 0.7102289 0.7102289 0.6788259 0.8078208 2.4379357 0.0000010 0.8240205 2.4053819 0.0000010 2.2172928 2.5785551 0.9349901 0.0000010 2.6735911 0.4907970 0.6900528 0.7448858 0.1052626 0.1052626 0.1052626 0.0000010 0.0000010 0.0000000 0.0000010 0.0000010 0.0000010 1.7515222 1.7515222 0.2204276 1.8490968 0.0000010 0.2127595 3.2002642 2.9129870 2.9129870 2.9129870 3.7447289 3.7447289 2.7133081 3.3361514 1.8490968 1.6703334 2.7960511 2.2415329 1.6927221 0.1045688 0.0561865 0.0635136 0.0000010 0.0000010 0.0000010 0.0000010 0.0000010 0.0000010 2.5573790 
MZ868164.1            5.8403674 7.8424556 5.1862178 7.4240861 6.6132643 0.0000010 0.0000010 0.2027284 8.9999986 0.1876945 6.0631782 4.9683884 8.9999986 4.8612108 0.0000010 8.3215150 8.9999989 8.9999986 8.9999988 8.9999986 8.9999983 8.9999987 6.9224220 8.9999985 4.3954912 8.8295407 0.1692160 8.9999985 0.1249659 0.2009112 8.9999983 5.5736869 8.9999984 8.9999987 8.9999985 8.9999984 8.1304513 8.9999985 8.9999984 8.9999987 4.6463242 0.0000010 0.0000000 8.9999986 8.9999987 6.1465095 6.1753274 8.9999988 5.9793749 8.9999990 8.9999987 7.6756900 5.0594329 5.1288789 4.2752595 8.9999984 8.9999989 8.9999986 0.3503815 6.1465095 6.1330710 8.9999987 8.9999985 8.9999988 4.5494798 7.3939128 6.4032446 0.0000010 0.0000010 0.0000010 0.0000010 0.0000010 0.0000010 0.1041232 
MZ868177.1            0.7605815 8.9999984 0.8825568 7.2805985 5.1581720 0.0000010 0.0000010 8.9999983 4.6018142 8.9999981 4.2299237 3.6953512 5.3374748 3.7167490 0.0000010 8.9999989 7.8109814 8.9999990 8.9999987 8.9999985 8.9999988 8.9999982 6.2643686 0.4355354 0.3560352 7.4871685 8.9999982 6.2333084 7.0246271 8.9999980 7.7748548 4.3921805 0.3510830 8.9428434 4.7889933 5.2785081 4.9852785 8.9999983 8.9999987 7.0116953 4.0233365 0.0000010 8.9999986 0.0000000 8.9999986 4.7278842 4.7518369 7.2032927 4.6241580 0.0086282 5.0467860 0.5443354 0.3070208 0.3199335 0.2578466 0.0598147 0.0598147 8.9999981 2.1007659 4.7278842 6.6692638 5.3441915 6.8434587 5.7863196 3.9407382 3.8629982 3.6255027 0.0000010 0.0000010 0.0000010 0.0000010 0.0000010 0.0000010 8.9999983 
KJ690284.1            8.9999980 1.2453359 6.3497069 0.0482085 1.2751592 0.0000010 0.0000010 8.9999988 2.0991622 8.9999986 1.6209973 1.2290412 2.1186816 1.0195030 0.0000010 1.1569049 0.0309348 0.0380730 0.0221556 0.0380730 0.0442380 0.0266125 0.1500680 6.5014831 5.2108984 0.2192609 8.9999980 2.7144958 8.9999981 8.9999985 0.1555560 1.1528436 5.8669961 0.1297541 0.0142139 0.0216506 0.8735942 3.3245560 3.3245560 1.8475596 1.2021578 0.0000010 8.9999987 8.9999986 0.0000000 3.1587125 3.1762683 1.3219656 3.1587125 8.9999980 1.3638356 5.8863783 8.2854690 8.4599483 7.2292179 8.9999987 8.9999981 8.9999981 6.9776244 3.1587125 3.0401261 6.0772479 5.3883226 5.6166423 1.3246062 1.6527930 1.5177609 0.0000010 0.0000010 0.0000010 0.0000010 0.0000010 0.0000010 8.8796171 
KM020051.1            0.2095953 0.1183994 0.2022127 1.5653785 0.1089602 2.1784464 1.6526061 3.3179109 1.9435877 3.2137929 2.0763565 1.8659726 4.5339667 1.2644932 2.7489115 0.1173434 2.1970256 2.2269601 2.2229134 2.2225936 2.2774946 2.1018409 0.1106303 2.9636470 0.0955258 1.6552994 3.2661916 4.5091009 3.2752664 3.3423348 2.1184925 1.8448823 1.8486982 1.9067581 0.9270182 1.6972424 1.5186758 2.7988129 2.7901398 4.2798692 0.0568625 1.7515222 6.1465095 4.7278842 3.1587125 0.0000000 0.0008188 0.1013070 0.0008263 3.0819073 0.1097522 0.1773143 0.1870031 0.1899146 0.1867274 0.1851035 0.1857532 0.1524948 0.2038566 0.0008263 0.0719243 0.1459619 0.1352451 0.1311959 0.0830662 0.1164642 0.7508308 0.0124298 0.0122276 0.0122807 0.0121434 0.0296821 0.0120783 3.1096780 
KM020050.1            0.2066045 0.1172444 0.1992951 1.5319784 0.1078615 2.1784464 1.6526061 3.2663474 1.9021992 3.1643553 2.0353850 1.8315109 4.5132549 1.2365340 2.7489115 0.1161956 2.1468094 2.1768860 2.1740860 2.1725182 2.2259187 2.0550023 0.1095118 2.9062846 0.0946120 1.6163881 3.2193170 4.5319290 3.2179015 3.2970251 2.0680494 1.8073236 1.8154928 1.8668920 0.8840061 1.6432993 1.4876105 2.7415013 2.7332118 4.2519305 0.0560281 1.7515222 6.1753274 4.7518369 3.1762683 0.0008188 0.0000000 0.1002649 0.0004119 3.0984191 0.1086432 0.1757444 0.1853641 0.1882562 0.1850912 0.1834854 0.1841319 0.1509431 0.2020728 0.0004119 0.0710556 0.1446054 0.1339544 0.1290868 0.0821361 0.1153061 0.7367139 0.0124298 0.0122276 0.0122807 0.0121434 0.0296821 0.0120783 3.0655545 
AB917140.1            0.1978171 0.0342770 0.1878938 0.3030529 0.0437407 0.1905761 0.1198099 2.6394677 0.2903556 2.5961583 0.3287376 0.2851572 1.2096556 0.2208863 2.1182087 0.0342649 0.4269435 0.3877982 0.4263476 0.3946913 0.4077588 0.3815911 0.0496720 2.6320808 0.1135995 0.3758010 2.8039797 1.9760652 2.6444079 2.9046067 0.4128159 0.3162900 1.5712161 0.4238265 0.3210605 0.3600538 0.1985852 0.4782102 0.4771934 0.7121314 0.0283317 0.2204276 8.9999988 7.2032927 1.3219656 0.1013070 0.1002649 0.0000000 0.1017943 2.9309174 0.0354403 0.1625055 0.1638094 0.1638094 0.1605237 0.1811085 0.1827126 0.1401324 0.1796132 0.1007282 0.0916100 0.1409104 0.1146031 0.1020093 0.0384972 0.0422044 0.1380241 0.0190573 0.0187411 0.0188252 0.0186099 0.0334956 0.0094898 2.5523201 
FN298928.1            0.1959089 0.1198340 0.1933552 1.4739014 0.1075458 2.2725533 1.7420717 3.4458690 1.8569602 3.1157735 1.9920662 1.7930046 4.4886815 1.2484627 3.1484339 0.1187608 2.0956373 2.1262746 2.1246619 2.1218443 2.1745662 2.0059496 0.1100236 3.1139626 0.0955258 1.7672688 3.3209089 4.5091009 3.1615924 3.3947041 2.0155330 1.7652941 1.8199907 2.0184751 0.8504311 1.6012948 1.6065587 2.9448651 2.9353358 4.2278884 0.0560779 1.8490968 5.9793749 4.6241580 3.1587125 0.0008263 0.0004119 0.1017943 0.0000000 3.0578490 0.1076267 0.1767843 0.1864404 0.1893425 0.1861660 0.1845498 0.1851977 0.1511895 0.2032275 0.0000010 0.0702442 0.1452379 0.1326824 0.1296412 0.0830274 0.1159697 0.7211791 0.0124298 0.0122276 0.0122807 0.0121434 0.0296821 0.0120783 3.2215545 
AJ880282.1            0.3695410 3.1001973 0.4090789 4.9017992 2.5410894 0.0000010 0.0000010 8.9999985 4.5844712 8.9999987 4.2052317 3.6580995 5.3358360 3.0077362 0.0000010 3.1232552 7.8875896 8.9999982 8.9999989 8.9999989 8.9999987 8.9999982 3.0473522 0.4013681 0.1855504 7.5862597 8.9999989 5.7377722 7.1211768 8.9999980 7.8627220 4.3717595 0.1998686 8.9999988 4.7577832 5.2724728 4.9762181 8.9999982 8.9999986 7.0496216 2.2988278 0.0000010 8.9999990 0.0086282 8.9999980 3.0819073 3.0984191 2.9309174 3.0578490 0.0000000 2.9759794 0.2841048 0.1763640 0.1826898 0.1523427 0.0333506 0.0333506 5.6653985 0.7558357 3.0819073 3.2820399 3.5059929 3.1553441 3.2477738 2.2826559 2.2312231 2.0362962 0.0000010 0.0000010 0.0000010 0.0000010 0.0276228 0.0000010 8.9999982 
FN298927.1            0.1889770 0.0347964 0.1843970 0.3900640 0.0469508 0.1549015 0.0520268 3.1511732 0.3676922 2.9164074 0.2885056 0.2995936 1.9432905 0.2441916 2.2091050 0.0342205 0.4893664 0.5180562 0.5091843 0.5171007 0.5344750 0.4968772 0.0544375 2.9992491 0.1155538 0.4626182 3.1518510 2.6608963 3.0831494 3.2631107 0.4814435 0.2826480 1.6790622 0.4989103 0.4454840 0.5240662 0.2290196 0.5680750 0.5669005 0.6165704 0.0298339 0.2127595 8.9999987 5.0467860 1.3638356 0.1097522 0.1086432 0.0354403 0.1076267 2.9759794 0.0000000 0.1758364 0.1717150 0.1717150 0.1699464 0.1890484 0.1883334 0.1493097 0.1919780 0.1076267 0.0991808 0.1309517 0.1154494 0.1135374 0.0390508 0.0467429 0.1507488 0.0215829 0.0212191 0.0213155 0.0210670 0.0358932 0.0112301 3.0277340 
HG972999.1            0.0559610 0.1645028 0.0265440 2.6207110 0.1659185 3.1440403 2.9691197 2.4277817 2.5335294 1.8858119 2.6228254 2.3846539 5.6173053 2.0392627 2.9308995 0.1639025 3.3778154 3.4177132 3.4913484 3.4155755 3.4825187 3.4829629 0.1768561 0.0876609 0.0205525 3.0909045 2.5440432 5.9418050 1.7834471 2.6427601 3.2856093 2.7237267 0.0573006 3.2436477 2.0247318 2.9377576 2.9508228 4.3290642 4.3151594 4.1675742 0.0912354 3.2002642 7.6756900 0.5443354 5.8863783 0.1773143 0.1757444 0.1625055 0.1767843 0.2841048 0.1758364 0.0000000 0.0303164 0.0308425 0.0286264 0.0368766 0.0367645 0.2112414 0.0946850 0.1743061 0.1647700 0.1987410 0.1757999 0.1768315 0.1337201 0.1670104 1.1334609 0.0019723 0.0019415 0.0019495 0.0019288 0.0015486 0.0112452 2.2112264 
